time	V(a)	V(b)	V(out)	I(V1)
0.000000000000000e+00	0.000000e+00	0.000000e+00	5.000000e+00	-2.002000e-11
4.882812480489244e-16	0.000000e+00	0.000000e+00	5.000000e+00	-2.002000e-11
9.765624960978488e-16	0.000000e+00	0.000000e+00	5.000000e+00	-2.002000e-11
1.953124992195698e-15	0.000000e+00	0.000000e+00	5.000000e+00	-2.002000e-11
3.906249984391395e-15	0.000000e+00	0.000000e+00	5.000000e+00	-2.002000e-11
7.812499968782791e-15	0.000000e+00	0.000000e+00	5.000000e+00	-2.002000e-11
1.562499993756558e-14	0.000000e+00	0.000000e+00	5.000000e+00	-2.002000e-11
3.124999987513116e-14	0.000000e+00	0.000000e+00	5.000000e+00	-2.002000e-11
6.249999975026233e-14	0.000000e+00	0.000000e+00	5.000000e+00	-2.002000e-11
1.249999995005247e-13	0.000000e+00	0.000000e+00	5.000000e+00	-2.002000e-11
2.499999990010493e-13	0.000000e+00	0.000000e+00	5.000000e+00	-2.002000e-11
4.999999980020986e-13	0.000000e+00	0.000000e+00	5.000000e+00	-2.002000e-11
9.999999960041972e-13	0.000000e+00	0.000000e+00	5.000000e+00	-2.002000e-11
1.999999992008394e-12	0.000000e+00	0.000000e+00	5.000000e+00	-2.002000e-11
3.999999984016789e-12	0.000000e+00	0.000000e+00	5.000000e+00	-2.002000e-11
7.999999968033578e-12	0.000000e+00	0.000000e+00	5.000000e+00	-2.002000e-11
1.599999993606716e-11	0.000000e+00	0.000000e+00	5.000000e+00	-2.002000e-11
3.199999987213431e-11	0.000000e+00	0.000000e+00	5.000000e+00	-2.002000e-11
6.399999974426862e-11	0.000000e+00	0.000000e+00	5.000000e+00	-2.002000e-11
1.128281247442686e-10	0.000000e+00	0.000000e+00	5.000000e+00	-2.002000e-11
1.616562497442686e-10	0.000000e+00	0.000000e+00	5.000000e+00	-2.002000e-11
2.104843747442686e-10	0.000000e+00	0.000000e+00	5.000000e+00	-2.002000e-11
2.593124997442686e-10	0.000000e+00	0.000000e+00	5.000000e+00	-2.002000e-11
3.081406247442686e-10	0.000000e+00	0.000000e+00	5.000000e+00	-2.002000e-11
3.569687497442686e-10	0.000000e+00	0.000000e+00	5.000000e+00	-2.002000e-11
4.057968747442686e-10	0.000000e+00	0.000000e+00	5.000000e+00	-2.002000e-11
4.546249997442686e-10	0.000000e+00	0.000000e+00	5.000000e+00	-2.002000e-11
5.034531247442687e-10	0.000000e+00	0.000000e+00	5.000000e+00	-2.002000e-11
5.522812497442687e-10	0.000000e+00	0.000000e+00	5.000000e+00	-2.002000e-11
6.011093747442688e-10	0.000000e+00	0.000000e+00	5.000000e+00	-2.002000e-11
6.499374997442688e-10	0.000000e+00	0.000000e+00	5.000000e+00	-2.002000e-11
6.987656247442689e-10	0.000000e+00	0.000000e+00	5.000000e+00	-2.002000e-11
7.475937497442689e-10	0.000000e+00	0.000000e+00	5.000000e+00	-2.002000e-11
7.964218747442689e-10	0.000000e+00	0.000000e+00	5.000000e+00	-2.002000e-11
8.452499997442690e-10	0.000000e+00	0.000000e+00	5.000000e+00	-2.002000e-11
8.940781247442690e-10	0.000000e+00	0.000000e+00	5.000000e+00	-2.002000e-11
9.429062497442691e-10	0.000000e+00	0.000000e+00	5.000000e+00	-2.002000e-11
9.917343747442690e-10	0.000000e+00	0.000000e+00	5.000000e+00	-2.002000e-11
1.040562499744269e-09	0.000000e+00	0.000000e+00	5.000000e+00	-2.002000e-11
1.089390624744269e-09	0.000000e+00	0.000000e+00	5.000000e+00	-2.002000e-11
1.138218749744269e-09	0.000000e+00	0.000000e+00	5.000000e+00	-2.002000e-11
1.187046874744269e-09	0.000000e+00	0.000000e+00	5.000000e+00	-2.002000e-11
1.235874999744269e-09	0.000000e+00	0.000000e+00	5.000000e+00	-2.002000e-11
1.284703124744269e-09	0.000000e+00	0.000000e+00	5.000000e+00	-2.002000e-11
1.333531249744269e-09	0.000000e+00	0.000000e+00	5.000000e+00	-2.002000e-11
1.382359374744269e-09	0.000000e+00	0.000000e+00	5.000000e+00	-2.002000e-11
1.431187499744269e-09	0.000000e+00	0.000000e+00	5.000000e+00	-2.002000e-11
1.480015624744269e-09	0.000000e+00	0.000000e+00	5.000000e+00	-2.002000e-11
1.528843749744268e-09	0.000000e+00	0.000000e+00	5.000000e+00	-2.002000e-11
1.577671874744268e-09	0.000000e+00	0.000000e+00	5.000000e+00	-2.002000e-11
1.626499999744268e-09	0.000000e+00	0.000000e+00	5.000000e+00	-2.002000e-11
1.675328124744268e-09	0.000000e+00	0.000000e+00	5.000000e+00	-2.002000e-11
1.724156249744268e-09	0.000000e+00	0.000000e+00	5.000000e+00	-2.002000e-11
1.772984374744268e-09	0.000000e+00	0.000000e+00	5.000000e+00	-2.002000e-11
1.821812499744268e-09	0.000000e+00	0.000000e+00	5.000000e+00	-2.002000e-11
1.870640624744268e-09	0.000000e+00	0.000000e+00	5.000000e+00	-2.002000e-11
1.919468749744268e-09	0.000000e+00	0.000000e+00	5.000000e+00	-2.002000e-11
1.968296874744268e-09	0.000000e+00	0.000000e+00	5.000000e+00	-2.002000e-11
2.000000000000001e-09	0.000000e+00	5.684342e-14	5.000000e+00	-2.002000e-11
2.048828125000001e-09	0.000000e+00	2.441406e+00	1.191493e+00	-4.399135e-05
2.097656250000001e-09	0.000000e+00	4.882812e+00	1.374510e-03	-1.342112e-07
2.100000000000000e-09	0.000000e+00	5.000000e+00	1.495474e-08	-1.001000e-11
2.137499999999983e-09	0.000000e+00	5.000000e+00	1.000895e-07	-1.001000e-11
2.186328124999983e-09	0.000000e+00	5.000000e+00	1.001000e-07	-1.001000e-11
2.235156249999983e-09	0.000000e+00	5.000000e+00	1.001000e-07	-1.001000e-11
2.283984374999983e-09	0.000000e+00	5.000000e+00	1.001000e-07	-1.001000e-11
2.332812499999983e-09	0.000000e+00	5.000000e+00	1.001000e-07	-1.001000e-11
2.381640624999983e-09	0.000000e+00	5.000000e+00	1.001000e-07	-1.001000e-11
2.430468749999983e-09	0.000000e+00	5.000000e+00	1.001000e-07	-1.001000e-11
2.479296874999983e-09	0.000000e+00	5.000000e+00	1.001000e-07	-1.001000e-11
2.528124999999983e-09	0.000000e+00	5.000000e+00	1.001000e-07	-1.001000e-11
2.576953124999983e-09	0.000000e+00	5.000000e+00	1.001000e-07	-1.001000e-11
2.625781249999983e-09	0.000000e+00	5.000000e+00	1.001000e-07	-1.001000e-11
2.674609374999983e-09	0.000000e+00	5.000000e+00	1.001000e-07	-1.001000e-11
2.723437499999983e-09	0.000000e+00	5.000000e+00	1.001000e-07	-1.001000e-11
2.772265624999982e-09	0.000000e+00	5.000000e+00	1.001000e-07	-1.001000e-11
2.821093749999982e-09	0.000000e+00	5.000000e+00	1.001000e-07	-1.001000e-11
2.869921874999982e-09	0.000000e+00	5.000000e+00	1.001000e-07	-1.001000e-11
2.918749999999982e-09	0.000000e+00	5.000000e+00	1.001000e-07	-1.001000e-11
2.967578124999982e-09	0.000000e+00	5.000000e+00	1.001000e-07	-1.001000e-11
3.016406249999982e-09	0.000000e+00	5.000000e+00	1.001000e-07	-1.001000e-11
3.065234374999982e-09	0.000000e+00	5.000000e+00	1.001000e-07	-1.001000e-11
3.114062499999982e-09	0.000000e+00	5.000000e+00	1.001000e-07	-1.001000e-11
3.162890624999982e-09	0.000000e+00	5.000000e+00	1.001000e-07	-1.001000e-11
3.211718749999982e-09	0.000000e+00	5.000000e+00	1.001000e-07	-1.001000e-11
3.260546874999982e-09	0.000000e+00	5.000000e+00	1.001000e-07	-1.001000e-11
3.309374999999982e-09	0.000000e+00	5.000000e+00	1.001000e-07	-1.001000e-11
3.358203124999982e-09	0.000000e+00	5.000000e+00	1.001000e-07	-1.001000e-11
3.407031249999982e-09	0.000000e+00	5.000000e+00	1.001000e-07	-1.001000e-11
3.455859374999982e-09	0.000000e+00	5.000000e+00	1.001000e-07	-1.001000e-11
3.504687499999982e-09	0.000000e+00	5.000000e+00	1.001000e-07	-1.001000e-11
3.553515624999982e-09	0.000000e+00	5.000000e+00	1.001000e-07	-1.001000e-11
3.602343749999982e-09	0.000000e+00	5.000000e+00	1.001000e-07	-1.001000e-11
3.651171874999981e-09	0.000000e+00	5.000000e+00	1.001000e-07	-1.001000e-11
3.699999999999981e-09	0.000000e+00	5.000000e+00	1.001000e-07	-1.001000e-11
3.748828124999981e-09	0.000000e+00	5.000000e+00	1.001000e-07	-1.001000e-11
3.797656249999982e-09	0.000000e+00	5.000000e+00	1.001000e-07	-1.001000e-11
3.846484374999982e-09	0.000000e+00	5.000000e+00	1.001000e-07	-1.001000e-11
3.895312499999982e-09	0.000000e+00	5.000000e+00	1.001000e-07	-1.001000e-11
3.944140624999983e-09	0.000000e+00	5.000000e+00	1.001000e-07	-1.001000e-11
3.992968749999983e-09	0.000000e+00	5.000000e+00	1.001000e-07	-1.001000e-11
4.041796874999984e-09	0.000000e+00	5.000000e+00	1.001000e-07	-1.001000e-11
4.090624999999984e-09	0.000000e+00	5.000000e+00	1.001000e-07	-1.001000e-11
4.139453124999984e-09	0.000000e+00	5.000000e+00	1.001000e-07	-1.001000e-11
4.188281249999985e-09	0.000000e+00	5.000000e+00	1.001000e-07	-1.001000e-11
4.237109374999985e-09	0.000000e+00	5.000000e+00	1.001000e-07	-1.001000e-11
4.285937499999985e-09	0.000000e+00	5.000000e+00	1.001000e-07	-1.001000e-11
4.334765624999986e-09	0.000000e+00	5.000000e+00	1.001000e-07	-1.001000e-11
4.383593749999986e-09	0.000000e+00	5.000000e+00	1.001000e-07	-1.001000e-11
4.432421874999986e-09	0.000000e+00	5.000000e+00	1.001000e-07	-1.001000e-11
4.481249999999987e-09	0.000000e+00	5.000000e+00	1.001000e-07	-1.001000e-11
4.530078124999987e-09	0.000000e+00	5.000000e+00	1.001000e-07	-1.001000e-11
4.578906249999987e-09	0.000000e+00	5.000000e+00	1.001000e-07	-1.001000e-11
4.627734374999988e-09	0.000000e+00	5.000000e+00	1.001000e-07	-1.001000e-11
4.676562499999988e-09	0.000000e+00	5.000000e+00	1.001000e-07	-1.001000e-11
4.725390624999989e-09	0.000000e+00	5.000000e+00	1.001000e-07	-1.001000e-11
4.774218749999989e-09	0.000000e+00	5.000000e+00	1.001000e-07	-1.001000e-11
4.823046874999989e-09	0.000000e+00	5.000000e+00	1.001000e-07	-1.001000e-11
4.871874999999990e-09	0.000000e+00	5.000000e+00	1.001000e-07	-1.001000e-11
4.920703124999990e-09	0.000000e+00	5.000000e+00	1.001000e-07	-1.001000e-11
4.969531249999990e-09	0.000000e+00	5.000000e+00	1.001000e-07	-1.001000e-11
5.018359374999991e-09	0.000000e+00	5.000000e+00	1.001000e-07	-1.001000e-11
5.067187499999991e-09	0.000000e+00	5.000000e+00	1.001000e-07	-1.001000e-11
5.116015624999991e-09	0.000000e+00	5.000000e+00	1.001000e-07	-1.001000e-11
5.164843749999992e-09	0.000000e+00	5.000000e+00	1.001000e-07	-1.001000e-11
5.213671874999992e-09	0.000000e+00	5.000000e+00	1.001000e-07	-1.001000e-11
5.262499999999993e-09	0.000000e+00	5.000000e+00	1.001000e-07	-1.001000e-11
5.311328124999993e-09	0.000000e+00	5.000000e+00	1.001000e-07	-1.001000e-11
5.360156249999993e-09	0.000000e+00	5.000000e+00	1.001000e-07	-1.001000e-11
5.408984374999994e-09	0.000000e+00	5.000000e+00	1.001000e-07	-1.001000e-11
5.457812499999994e-09	0.000000e+00	5.000000e+00	1.001000e-07	-1.001000e-11
5.506640624999994e-09	0.000000e+00	5.000000e+00	1.001000e-07	-1.001000e-11
5.555468749999995e-09	0.000000e+00	5.000000e+00	1.001000e-07	-1.001000e-11
5.604296874999995e-09	0.000000e+00	5.000000e+00	1.001000e-07	-1.001000e-11
5.653124999999995e-09	0.000000e+00	5.000000e+00	1.001000e-07	-1.001000e-11
5.701953124999996e-09	0.000000e+00	5.000000e+00	1.001000e-07	-1.001000e-11
5.750781249999996e-09	0.000000e+00	5.000000e+00	1.001000e-07	-1.001000e-11
5.799609374999996e-09	0.000000e+00	5.000000e+00	1.001000e-07	-1.001000e-11
5.848437499999997e-09	0.000000e+00	5.000000e+00	1.001000e-07	-1.001000e-11
5.897265624999997e-09	0.000000e+00	5.000000e+00	1.001000e-07	-1.001000e-11
5.946093749999998e-09	0.000000e+00	5.000000e+00	1.001000e-07	-1.001000e-11
5.994921874999998e-09	0.000000e+00	5.000000e+00	1.001000e-07	-1.001000e-11
6.043749999999998e-09	0.000000e+00	5.000000e+00	1.001000e-07	-1.001000e-11
6.092578124999999e-09	0.000000e+00	5.000000e+00	1.001000e-07	-1.001000e-11
6.141406249999999e-09	0.000000e+00	5.000000e+00	1.001000e-07	-1.001000e-11
6.190234374999999e-09	0.000000e+00	5.000000e+00	1.001000e-07	-1.001000e-11
6.239062500000000e-09	0.000000e+00	5.000000e+00	1.001000e-07	-1.001000e-11
6.287890625000000e-09	0.000000e+00	5.000000e+00	1.001000e-07	-1.001000e-11
6.336718750000000e-09	0.000000e+00	5.000000e+00	1.001000e-07	-1.001000e-11
6.385546875000001e-09	0.000000e+00	5.000000e+00	1.001000e-07	-1.001000e-11
6.434375000000001e-09	0.000000e+00	5.000000e+00	1.001000e-07	-1.001000e-11
6.483203125000002e-09	0.000000e+00	5.000000e+00	1.001000e-07	-1.001000e-11
6.532031250000002e-09	0.000000e+00	5.000000e+00	1.001000e-07	-1.001000e-11
6.580859375000002e-09	0.000000e+00	5.000000e+00	1.001000e-07	-1.001000e-11
6.629687500000003e-09	0.000000e+00	5.000000e+00	1.001000e-07	-1.001000e-11
6.678515625000003e-09	0.000000e+00	5.000000e+00	1.001000e-07	-1.001000e-11
6.727343750000003e-09	0.000000e+00	5.000000e+00	1.001000e-07	-1.001000e-11
6.776171875000004e-09	0.000000e+00	5.000000e+00	1.001000e-07	-1.001000e-11
6.825000000000004e-09	0.000000e+00	5.000000e+00	1.001000e-07	-1.001000e-11
6.873828125000004e-09	0.000000e+00	5.000000e+00	1.001000e-07	-1.001000e-11
6.922656250000005e-09	0.000000e+00	5.000000e+00	1.001000e-07	-1.001000e-11
6.971484375000005e-09	0.000000e+00	5.000000e+00	1.001000e-07	-1.001000e-11
7.020312500000005e-09	0.000000e+00	5.000000e+00	1.001000e-07	-1.001000e-11
7.069140625000006e-09	0.000000e+00	5.000000e+00	1.001000e-07	-1.001000e-11
7.100000000000001e-09	0.000000e+00	5.000000e+00	1.001000e-07	-1.001000e-11
7.148828125000001e-09	0.000000e+00	2.558594e+00	9.839676e-01	-4.066960e-05
7.197656250000001e-09	0.000000e+00	1.171875e-01	4.997256e+00	-1.373491e-07
7.200000000000001e-09	0.000000e+00	0.000000e+00	5.003476e+00	-2.002000e-11
7.237499999999990e-09	0.000000e+00	0.000000e+00	5.000050e+00	-2.002000e-11
7.286328124999991e-09	0.000000e+00	0.000000e+00	5.000001e+00	-2.002000e-11
7.335156249999991e-09	0.000000e+00	0.000000e+00	5.000000e+00	-2.002000e-11
7.383984374999991e-09	0.000000e+00	0.000000e+00	5.000000e+00	-2.002000e-11
7.432812499999992e-09	0.000000e+00	0.000000e+00	5.000000e+00	-2.002000e-11
7.481640624999992e-09	0.000000e+00	0.000000e+00	5.000000e+00	-2.002000e-11
7.530468749999992e-09	0.000000e+00	0.000000e+00	5.000000e+00	-2.002000e-11
7.579296874999991e-09	0.000000e+00	0.000000e+00	5.000000e+00	-2.002000e-11
7.628124999999991e-09	0.000000e+00	0.000000e+00	5.000000e+00	-2.002000e-11
7.676953124999990e-09	0.000000e+00	0.000000e+00	5.000000e+00	-2.002000e-11
7.725781249999990e-09	0.000000e+00	0.000000e+00	5.000000e+00	-2.002000e-11
7.774609374999989e-09	0.000000e+00	0.000000e+00	5.000000e+00	-2.002000e-11
7.823437499999989e-09	0.000000e+00	0.000000e+00	5.000000e+00	-2.002000e-11
7.872265624999988e-09	0.000000e+00	0.000000e+00	5.000000e+00	-2.002000e-11
7.921093749999988e-09	0.000000e+00	0.000000e+00	5.000000e+00	-2.002000e-11
7.969921874999987e-09	0.000000e+00	0.000000e+00	5.000000e+00	-2.002000e-11
8.018749999999987e-09	0.000000e+00	0.000000e+00	5.000000e+00	-2.002000e-11
8.067578124999987e-09	0.000000e+00	0.000000e+00	5.000000e+00	-2.002000e-11
8.116406249999986e-09	0.000000e+00	0.000000e+00	5.000000e+00	-2.002000e-11
8.165234374999986e-09	0.000000e+00	0.000000e+00	5.000000e+00	-2.002000e-11
8.214062499999985e-09	0.000000e+00	0.000000e+00	5.000000e+00	-2.002000e-11
8.262890624999985e-09	0.000000e+00	0.000000e+00	5.000000e+00	-2.002000e-11
8.311718749999984e-09	0.000000e+00	0.000000e+00	5.000000e+00	-2.002000e-11
8.360546874999984e-09	0.000000e+00	0.000000e+00	5.000000e+00	-2.002000e-11
8.409374999999983e-09	0.000000e+00	0.000000e+00	5.000000e+00	-2.002000e-11
8.458203124999983e-09	0.000000e+00	0.000000e+00	5.000000e+00	-2.002000e-11
8.507031249999982e-09	0.000000e+00	0.000000e+00	5.000000e+00	-2.002000e-11
8.555859374999982e-09	0.000000e+00	0.000000e+00	5.000000e+00	-2.002000e-11
8.604687499999981e-09	0.000000e+00	0.000000e+00	5.000000e+00	-2.002000e-11
8.653515624999981e-09	0.000000e+00	0.000000e+00	5.000000e+00	-2.002000e-11
8.702343749999980e-09	0.000000e+00	0.000000e+00	5.000000e+00	-2.002000e-11
8.751171874999980e-09	0.000000e+00	0.000000e+00	5.000000e+00	-2.002000e-11
8.799999999999980e-09	0.000000e+00	0.000000e+00	5.000000e+00	-2.002000e-11
8.848828124999979e-09	0.000000e+00	0.000000e+00	5.000000e+00	-2.002000e-11
8.897656249999979e-09	0.000000e+00	0.000000e+00	5.000000e+00	-2.002000e-11
8.946484374999978e-09	0.000000e+00	0.000000e+00	5.000000e+00	-2.002000e-11
8.995312499999978e-09	0.000000e+00	0.000000e+00	5.000000e+00	-2.002000e-11
9.044140624999977e-09	0.000000e+00	0.000000e+00	5.000000e+00	-2.002000e-11
9.092968749999977e-09	0.000000e+00	0.000000e+00	5.000000e+00	-2.002000e-11
9.141796874999976e-09	0.000000e+00	0.000000e+00	5.000000e+00	-2.002000e-11
9.190624999999976e-09	0.000000e+00	0.000000e+00	5.000000e+00	-2.002000e-11
9.239453124999975e-09	0.000000e+00	0.000000e+00	5.000000e+00	-2.002000e-11
9.288281249999975e-09	0.000000e+00	0.000000e+00	5.000000e+00	-2.002000e-11
9.337109374999974e-09	0.000000e+00	0.000000e+00	5.000000e+00	-2.002000e-11
9.385937499999974e-09	0.000000e+00	0.000000e+00	5.000000e+00	-2.002000e-11
9.434765624999973e-09	0.000000e+00	0.000000e+00	5.000000e+00	-2.002000e-11
9.483593749999973e-09	0.000000e+00	0.000000e+00	5.000000e+00	-2.002000e-11
9.532421874999973e-09	0.000000e+00	0.000000e+00	5.000000e+00	-2.002000e-11
9.581249999999972e-09	0.000000e+00	0.000000e+00	5.000000e+00	-2.002000e-11
9.630078124999972e-09	0.000000e+00	0.000000e+00	5.000000e+00	-2.002000e-11
9.678906249999971e-09	0.000000e+00	0.000000e+00	5.000000e+00	-2.002000e-11
9.727734374999971e-09	0.000000e+00	0.000000e+00	5.000000e+00	-2.002000e-11
9.776562499999970e-09	0.000000e+00	0.000000e+00	5.000000e+00	-2.002000e-11
9.825390624999970e-09	0.000000e+00	0.000000e+00	5.000000e+00	-2.002000e-11
9.874218749999969e-09	0.000000e+00	0.000000e+00	5.000000e+00	-2.002000e-11
9.923046874999969e-09	0.000000e+00	0.000000e+00	5.000000e+00	-2.002000e-11
9.971874999999968e-09	0.000000e+00	0.000000e+00	5.000000e+00	-2.002000e-11
1.000000000000000e-08	0.000000e+00	0.000000e+00	5.000000e+00	-2.002000e-11
1.000488281250000e-08	2.441406e-01	0.000000e+00	4.987772e+00	-5.960664e-07
1.001464843750000e-08	7.324219e-01	0.000000e+00	4.882744e+00	-5.364438e-06
1.003417968750000e-08	1.708984e+00	0.000000e+00	4.186198e+00	-2.920629e-05
1.003906250000000e-08	1.953125e+00	0.000000e+00	3.821479e+00	-3.814699e-05
1.004882812500000e-08	2.441406e+00	0.000000e+00	2.168440e+00	-5.886031e-05
1.006835937500000e-08	3.417969e+00	0.000000e+00	3.881689e-01	-2.502824e-05
1.007231445312500e-08	3.615723e+00	0.000000e+00	2.754684e-01	-1.916225e-05
1.008022460937500e-08	4.011230e+00	0.000000e+00	1.237758e-01	-9.776669e-06
1.009604492187500e-08	4.802246e+00	0.000000e+00	4.073630e-03	-3.910855e-07
1.009653930664062e-08	4.826965e+00	0.000000e+00	3.101835e-03	-2.994295e-07
1.009752807617187e-08	4.876404e+00	0.000000e+00	1.566756e-03	-1.527798e-07
1.009950561523437e-08	4.975281e+00	0.000000e+00	6.111698e-05	-6.130363e-09
1.010000000000000e-08	5.000000e+00	0.000000e+00	2.002632e-07	-2.002632e-11
1.010000549316406e-08	5.000000e+00	0.000000e+00	2.002632e-07	-2.002632e-11
1.010001647949219e-08	5.000000e+00	0.000000e+00	2.002632e-07	-2.002632e-11
1.010003845214844e-08	5.000000e+00	0.000000e+00	2.002632e-07	-2.002632e-11
1.010008239746094e-08	5.000000e+00	0.000000e+00	2.002632e-07	-2.002632e-11
1.010017028808594e-08	5.000000e+00	0.000000e+00	2.002632e-07	-2.002632e-11
1.010034606933594e-08	5.000000e+00	0.000000e+00	2.002632e-07	-2.002632e-11
1.010069763183594e-08	5.000000e+00	0.000000e+00	2.002632e-07	-2.002632e-11
1.010140075683594e-08	5.000000e+00	0.000000e+00	2.002632e-07	-2.002632e-11
1.010280700683594e-08	5.000000e+00	0.000000e+00	2.002632e-07	-2.002632e-11
1.010561950683594e-08	5.000000e+00	0.000000e+00	2.002632e-07	-2.002632e-11
1.011124450683594e-08	5.000000e+00	0.000000e+00	2.002632e-07	-2.002632e-11
1.012249450683594e-08	5.000000e+00	0.000000e+00	2.002632e-07	-2.002632e-11
1.014499450683594e-08	5.000000e+00	0.000000e+00	2.002632e-07	-2.002632e-11
1.018999450683595e-08	5.000000e+00	0.000000e+00	2.002632e-07	-2.002632e-11
1.023882263183594e-08	5.000000e+00	0.000000e+00	2.002632e-07	-2.002632e-11
1.028765075683594e-08	5.000000e+00	0.000000e+00	2.002632e-07	-2.002632e-11
1.033647888183594e-08	5.000000e+00	0.000000e+00	2.002632e-07	-2.002632e-11
1.038530700683594e-08	5.000000e+00	0.000000e+00	2.002632e-07	-2.002632e-11
1.043413513183594e-08	5.000000e+00	0.000000e+00	2.002632e-07	-2.002632e-11
1.048296325683594e-08	5.000000e+00	0.000000e+00	2.002632e-07	-2.002632e-11
1.053179138183594e-08	5.000000e+00	0.000000e+00	2.002632e-07	-2.002632e-11
1.058061950683594e-08	5.000000e+00	0.000000e+00	2.002632e-07	-2.002632e-11
1.062944763183594e-08	5.000000e+00	0.000000e+00	2.002632e-07	-2.002632e-11
1.067827575683594e-08	5.000000e+00	0.000000e+00	2.002632e-07	-2.002632e-11
1.072710388183594e-08	5.000000e+00	0.000000e+00	2.002632e-07	-2.002632e-11
1.077593200683594e-08	5.000000e+00	0.000000e+00	2.002632e-07	-2.002632e-11
1.082476013183594e-08	5.000000e+00	0.000000e+00	2.002632e-07	-2.002632e-11
1.087358825683594e-08	5.000000e+00	0.000000e+00	2.002632e-07	-2.002632e-11
1.092241638183594e-08	5.000000e+00	0.000000e+00	2.002632e-07	-2.002632e-11
1.097124450683594e-08	5.000000e+00	0.000000e+00	2.002632e-07	-2.002632e-11
1.102007263183594e-08	5.000000e+00	0.000000e+00	2.002632e-07	-2.002632e-11
1.106890075683594e-08	5.000000e+00	0.000000e+00	2.002632e-07	-2.002632e-11
1.111772888183594e-08	5.000000e+00	0.000000e+00	2.002632e-07	-2.002632e-11
1.116655700683594e-08	5.000000e+00	0.000000e+00	2.002632e-07	-2.002632e-11
1.121538513183594e-08	5.000000e+00	0.000000e+00	2.002632e-07	-2.002632e-11
1.126421325683593e-08	5.000000e+00	0.000000e+00	2.002632e-07	-2.002632e-11
1.131304138183593e-08	5.000000e+00	0.000000e+00	2.002632e-07	-2.002632e-11
1.136186950683593e-08	5.000000e+00	0.000000e+00	2.002632e-07	-2.002632e-11
1.141069763183593e-08	5.000000e+00	0.000000e+00	2.002632e-07	-2.002632e-11
1.145952575683593e-08	5.000000e+00	0.000000e+00	2.002632e-07	-2.002632e-11
1.150835388183593e-08	5.000000e+00	0.000000e+00	2.002632e-07	-2.002632e-11
1.155718200683593e-08	5.000000e+00	0.000000e+00	2.002632e-07	-2.002632e-11
1.160601013183593e-08	5.000000e+00	0.000000e+00	2.002632e-07	-2.002632e-11
1.165483825683593e-08	5.000000e+00	0.000000e+00	2.002632e-07	-2.002632e-11
1.170366638183593e-08	5.000000e+00	0.000000e+00	2.002632e-07	-2.002632e-11
1.175249450683593e-08	5.000000e+00	0.000000e+00	2.002632e-07	-2.002632e-11
1.180132263183593e-08	5.000000e+00	0.000000e+00	2.002632e-07	-2.002632e-11
1.185015075683593e-08	5.000000e+00	0.000000e+00	2.002632e-07	-2.002632e-11
1.189897888183593e-08	5.000000e+00	0.000000e+00	2.002632e-07	-2.002632e-11
1.194780700683593e-08	5.000000e+00	0.000000e+00	2.002632e-07	-2.002632e-11
1.199663513183593e-08	5.000000e+00	0.000000e+00	2.002632e-07	-2.002632e-11
1.204546325683593e-08	5.000000e+00	0.000000e+00	2.002632e-07	-2.002632e-11
1.209429138183593e-08	5.000000e+00	0.000000e+00	2.002632e-07	-2.002632e-11
1.214311950683593e-08	5.000000e+00	0.000000e+00	2.002632e-07	-2.002632e-11
1.219194763183593e-08	5.000000e+00	0.000000e+00	2.002632e-07	-2.002632e-11
1.224077575683593e-08	5.000000e+00	0.000000e+00	2.002632e-07	-2.002632e-11
1.228960388183593e-08	5.000000e+00	0.000000e+00	2.002632e-07	-2.002632e-11
1.233843200683592e-08	5.000000e+00	0.000000e+00	2.002632e-07	-2.002632e-11
1.238726013183592e-08	5.000000e+00	0.000000e+00	2.002632e-07	-2.002632e-11
1.243608825683592e-08	5.000000e+00	0.000000e+00	2.002632e-07	-2.002632e-11
1.248491638183592e-08	5.000000e+00	0.000000e+00	2.002632e-07	-2.002632e-11
1.253374450683592e-08	5.000000e+00	0.000000e+00	2.002632e-07	-2.002632e-11
1.258257263183592e-08	5.000000e+00	0.000000e+00	2.002632e-07	-2.002632e-11
1.263140075683592e-08	5.000000e+00	0.000000e+00	2.002632e-07	-2.002632e-11
1.268022888183592e-08	5.000000e+00	0.000000e+00	2.002632e-07	-2.002632e-11
1.272905700683592e-08	5.000000e+00	0.000000e+00	2.002632e-07	-2.002632e-11
1.277788513183592e-08	5.000000e+00	0.000000e+00	2.002632e-07	-2.002632e-11
1.282671325683592e-08	5.000000e+00	0.000000e+00	2.002632e-07	-2.002632e-11
1.287554138183592e-08	5.000000e+00	0.000000e+00	2.002632e-07	-2.002632e-11
1.292436950683592e-08	5.000000e+00	0.000000e+00	2.002632e-07	-2.002632e-11
1.297319763183592e-08	5.000000e+00	0.000000e+00	2.002632e-07	-2.002632e-11
1.302202575683592e-08	5.000000e+00	0.000000e+00	2.002632e-07	-2.002632e-11
1.307085388183592e-08	5.000000e+00	0.000000e+00	2.002632e-07	-2.002632e-11
1.311968200683592e-08	5.000000e+00	0.000000e+00	2.002632e-07	-2.002632e-11
1.316851013183592e-08	5.000000e+00	0.000000e+00	2.002632e-07	-2.002632e-11
1.321733825683592e-08	5.000000e+00	0.000000e+00	2.002632e-07	-2.002632e-11
1.326616638183592e-08	5.000000e+00	0.000000e+00	2.002632e-07	-2.002632e-11
1.331499450683592e-08	5.000000e+00	0.000000e+00	2.002632e-07	-2.002632e-11
1.336382263183591e-08	5.000000e+00	0.000000e+00	2.002632e-07	-2.002632e-11
1.341265075683591e-08	5.000000e+00	0.000000e+00	2.002632e-07	-2.002632e-11
1.346147888183591e-08	5.000000e+00	0.000000e+00	2.002632e-07	-2.002632e-11
1.351030700683591e-08	5.000000e+00	0.000000e+00	2.002632e-07	-2.002632e-11
1.355913513183591e-08	5.000000e+00	0.000000e+00	2.002632e-07	-2.002632e-11
1.360796325683591e-08	5.000000e+00	0.000000e+00	2.002632e-07	-2.002632e-11
1.365679138183591e-08	5.000000e+00	0.000000e+00	2.002632e-07	-2.002632e-11
1.370561950683591e-08	5.000000e+00	0.000000e+00	2.002632e-07	-2.002632e-11
1.375444763183591e-08	5.000000e+00	0.000000e+00	2.002632e-07	-2.002632e-11
1.380327575683591e-08	5.000000e+00	0.000000e+00	2.002632e-07	-2.002632e-11
1.385210388183591e-08	5.000000e+00	0.000000e+00	2.002632e-07	-2.002632e-11
1.390093200683591e-08	5.000000e+00	0.000000e+00	2.002632e-07	-2.002632e-11
1.394976013183591e-08	5.000000e+00	0.000000e+00	2.002632e-07	-2.002632e-11
1.399858825683591e-08	5.000000e+00	0.000000e+00	2.002632e-07	-2.002632e-11
1.404741638183591e-08	5.000000e+00	0.000000e+00	2.002632e-07	-2.002632e-11
1.409624450683591e-08	5.000000e+00	0.000000e+00	2.002632e-07	-2.002632e-11
1.414507263183591e-08	5.000000e+00	0.000000e+00	2.002632e-07	-2.002632e-11
1.419390075683591e-08	5.000000e+00	0.000000e+00	2.002632e-07	-2.002632e-11
1.424272888183591e-08	5.000000e+00	0.000000e+00	2.002632e-07	-2.002632e-11
1.429155700683591e-08	5.000000e+00	0.000000e+00	2.002632e-07	-2.002632e-11
1.434038513183591e-08	5.000000e+00	0.000000e+00	2.002632e-07	-2.002632e-11
1.438921325683590e-08	5.000000e+00	0.000000e+00	2.002632e-07	-2.002632e-11
1.443804138183590e-08	5.000000e+00	0.000000e+00	2.002632e-07	-2.002632e-11
1.448686950683590e-08	5.000000e+00	0.000000e+00	2.002632e-07	-2.002632e-11
1.453569763183590e-08	5.000000e+00	0.000000e+00	2.002632e-07	-2.002632e-11
1.458452575683590e-08	5.000000e+00	0.000000e+00	2.002632e-07	-2.002632e-11
1.463335388183590e-08	5.000000e+00	0.000000e+00	2.002632e-07	-2.002632e-11
1.468218200683590e-08	5.000000e+00	0.000000e+00	2.002632e-07	-2.002632e-11
1.473101013183590e-08	5.000000e+00	0.000000e+00	2.002632e-07	-2.002632e-11
1.477983825683590e-08	5.000000e+00	0.000000e+00	2.002632e-07	-2.002632e-11
1.482866638183590e-08	5.000000e+00	0.000000e+00	2.002632e-07	-2.002632e-11
1.487749450683590e-08	5.000000e+00	0.000000e+00	2.002632e-07	-2.002632e-11
1.492632263183590e-08	5.000000e+00	0.000000e+00	2.002632e-07	-2.002632e-11
1.497515075683590e-08	5.000000e+00	0.000000e+00	2.002632e-07	-2.002632e-11
1.500000000000000e-08	5.000000e+00	0.000000e+00	2.002632e-07	-2.002632e-11
1.500061035156250e-08	4.969482e+00	0.000000e+00	9.390567e-05	-9.333164e-09
1.500183105468750e-08	4.908447e+00	0.000000e+00	8.540664e-04	-8.383878e-08
1.500427246093750e-08	4.786377e+00	0.000000e+00	4.769135e-03	-4.563674e-07
1.500915527343750e-08	4.542236e+00	0.000000e+00	2.311341e-02	-2.095494e-06
1.501892089843750e-08	4.053955e+00	0.000000e+00	1.119316e-01	-8.950027e-06
1.503845214843750e-08	3.077393e+00	0.000000e+00	6.743480e-01	-3.696421e-05
1.507751464843750e-08	1.124268e+00	0.000000e+00	4.700791e+00	-1.263979e-05
1.510000000000000e-08	0.000000e+00	0.000000e+00	5.000916e+00	-2.002000e-11
1.510488281250000e-08	0.000000e+00	0.000000e+00	5.002100e+00	-2.002000e-11
1.511464843750000e-08	0.000000e+00	0.000000e+00	5.000001e+00	-2.002000e-11
1.513417968750000e-08	0.000000e+00	0.000000e+00	5.000001e+00	-2.002000e-11
1.517324218750000e-08	0.000000e+00	0.000000e+00	5.000000e+00	-2.002000e-11
1.522207031250000e-08	0.000000e+00	0.000000e+00	5.000000e+00	-2.002000e-11
1.527089843750000e-08	0.000000e+00	0.000000e+00	5.000000e+00	-2.002000e-11
1.531972656250000e-08	0.000000e+00	0.000000e+00	5.000000e+00	-2.002000e-11
1.536855468750001e-08	0.000000e+00	0.000000e+00	5.000000e+00	-2.002000e-11
1.541738281250001e-08	0.000000e+00	0.000000e+00	5.000000e+00	-2.002000e-11
1.546621093750001e-08	0.000000e+00	0.000000e+00	5.000000e+00	-2.002000e-11
1.551503906250001e-08	0.000000e+00	0.000000e+00	5.000000e+00	-2.002000e-11
1.556386718750001e-08	0.000000e+00	0.000000e+00	5.000000e+00	-2.002000e-11
1.561269531250001e-08	0.000000e+00	0.000000e+00	5.000000e+00	-2.002000e-11
1.566152343750001e-08	0.000000e+00	0.000000e+00	5.000000e+00	-2.002000e-11
1.571035156250001e-08	0.000000e+00	0.000000e+00	5.000000e+00	-2.002000e-11
1.575917968750002e-08	0.000000e+00	0.000000e+00	5.000000e+00	-2.002000e-11
1.580800781250002e-08	0.000000e+00	0.000000e+00	5.000000e+00	-2.002000e-11
1.585683593750002e-08	0.000000e+00	0.000000e+00	5.000000e+00	-2.002000e-11
1.590566406250002e-08	0.000000e+00	0.000000e+00	5.000000e+00	-2.002000e-11
1.595449218750002e-08	0.000000e+00	0.000000e+00	5.000000e+00	-2.002000e-11
1.600332031250002e-08	0.000000e+00	0.000000e+00	5.000000e+00	-2.002000e-11
1.605214843750002e-08	0.000000e+00	0.000000e+00	5.000000e+00	-2.002000e-11
1.610097656250002e-08	0.000000e+00	0.000000e+00	5.000000e+00	-2.002000e-11
1.614980468750003e-08	0.000000e+00	0.000000e+00	5.000000e+00	-2.002000e-11
1.619863281250003e-08	0.000000e+00	0.000000e+00	5.000000e+00	-2.002000e-11
1.624746093750003e-08	0.000000e+00	0.000000e+00	5.000000e+00	-2.002000e-11
1.629628906250003e-08	0.000000e+00	0.000000e+00	5.000000e+00	-2.002000e-11
1.634511718750003e-08	0.000000e+00	0.000000e+00	5.000000e+00	-2.002000e-11
1.639394531250003e-08	0.000000e+00	0.000000e+00	5.000000e+00	-2.002000e-11
1.644277343750003e-08	0.000000e+00	0.000000e+00	5.000000e+00	-2.002000e-11
1.649160156250003e-08	0.000000e+00	0.000000e+00	5.000000e+00	-2.002000e-11
1.654042968750003e-08	0.000000e+00	0.000000e+00	5.000000e+00	-2.002000e-11
1.658925781250004e-08	0.000000e+00	0.000000e+00	5.000000e+00	-2.002000e-11
1.663808593750004e-08	0.000000e+00	0.000000e+00	5.000000e+00	-2.002000e-11
1.668691406250004e-08	0.000000e+00	0.000000e+00	5.000000e+00	-2.002000e-11
1.673574218750004e-08	0.000000e+00	0.000000e+00	5.000000e+00	-2.002000e-11
1.678457031250004e-08	0.000000e+00	0.000000e+00	5.000000e+00	-2.002000e-11
1.683339843750004e-08	0.000000e+00	0.000000e+00	5.000000e+00	-2.002000e-11
1.688222656250004e-08	0.000000e+00	0.000000e+00	5.000000e+00	-2.002000e-11
1.693105468750004e-08	0.000000e+00	0.000000e+00	5.000000e+00	-2.002000e-11
1.697988281250005e-08	0.000000e+00	0.000000e+00	5.000000e+00	-2.002000e-11
1.702871093750005e-08	0.000000e+00	0.000000e+00	5.000000e+00	-2.002000e-11
1.707753906250005e-08	0.000000e+00	0.000000e+00	5.000000e+00	-2.002000e-11
1.712636718750005e-08	0.000000e+00	0.000000e+00	5.000000e+00	-2.002000e-11
1.717519531250005e-08	0.000000e+00	0.000000e+00	5.000000e+00	-2.002000e-11
1.722402343750005e-08	0.000000e+00	0.000000e+00	5.000000e+00	-2.002000e-11
1.727285156250005e-08	0.000000e+00	0.000000e+00	5.000000e+00	-2.002000e-11
1.732167968750005e-08	0.000000e+00	0.000000e+00	5.000000e+00	-2.002000e-11
1.737050781250005e-08	0.000000e+00	0.000000e+00	5.000000e+00	-2.002000e-11
1.741933593750006e-08	0.000000e+00	0.000000e+00	5.000000e+00	-2.002000e-11
1.746816406250006e-08	0.000000e+00	0.000000e+00	5.000000e+00	-2.002000e-11
1.751699218750006e-08	0.000000e+00	0.000000e+00	5.000000e+00	-2.002000e-11
1.756582031250006e-08	0.000000e+00	0.000000e+00	5.000000e+00	-2.002000e-11
1.761464843750006e-08	0.000000e+00	0.000000e+00	5.000000e+00	-2.002000e-11
1.766347656250006e-08	0.000000e+00	0.000000e+00	5.000000e+00	-2.002000e-11
1.771230468750006e-08	0.000000e+00	0.000000e+00	5.000000e+00	-2.002000e-11
1.776113281250006e-08	0.000000e+00	0.000000e+00	5.000000e+00	-2.002000e-11
1.780996093750007e-08	0.000000e+00	0.000000e+00	5.000000e+00	-2.002000e-11
1.785878906250007e-08	0.000000e+00	0.000000e+00	5.000000e+00	-2.002000e-11
1.790761718750007e-08	0.000000e+00	0.000000e+00	5.000000e+00	-2.002000e-11
1.795644531250007e-08	0.000000e+00	0.000000e+00	5.000000e+00	-2.002000e-11
1.800527343750007e-08	0.000000e+00	0.000000e+00	5.000000e+00	-2.002000e-11
1.805410156250007e-08	0.000000e+00	0.000000e+00	5.000000e+00	-2.002000e-11
1.810292968750007e-08	0.000000e+00	0.000000e+00	5.000000e+00	-2.002000e-11
1.815175781250007e-08	0.000000e+00	0.000000e+00	5.000000e+00	-2.002000e-11
1.820058593750007e-08	0.000000e+00	0.000000e+00	5.000000e+00	-2.002000e-11
1.824941406250008e-08	0.000000e+00	0.000000e+00	5.000000e+00	-2.002000e-11
1.829824218750008e-08	0.000000e+00	0.000000e+00	5.000000e+00	-2.002000e-11
1.834707031250008e-08	0.000000e+00	0.000000e+00	5.000000e+00	-2.002000e-11
1.839589843750008e-08	0.000000e+00	0.000000e+00	5.000000e+00	-2.002000e-11
1.844472656250008e-08	0.000000e+00	0.000000e+00	5.000000e+00	-2.002000e-11
1.849355468750008e-08	0.000000e+00	0.000000e+00	5.000000e+00	-2.002000e-11
1.854238281250008e-08	0.000000e+00	0.000000e+00	5.000000e+00	-2.002000e-11
1.859121093750008e-08	0.000000e+00	0.000000e+00	5.000000e+00	-2.002000e-11
1.864003906250009e-08	0.000000e+00	0.000000e+00	5.000000e+00	-2.002000e-11
1.868886718750009e-08	0.000000e+00	0.000000e+00	5.000000e+00	-2.002000e-11
1.873769531250009e-08	0.000000e+00	0.000000e+00	5.000000e+00	-2.002000e-11
1.878652343750009e-08	0.000000e+00	0.000000e+00	5.000000e+00	-2.002000e-11
1.883535156250009e-08	0.000000e+00	0.000000e+00	5.000000e+00	-2.002000e-11
1.888417968750009e-08	0.000000e+00	0.000000e+00	5.000000e+00	-2.002000e-11
1.893300781250009e-08	0.000000e+00	0.000000e+00	5.000000e+00	-2.002000e-11
1.898183593750009e-08	0.000000e+00	0.000000e+00	5.000000e+00	-2.002000e-11
1.903066406250010e-08	0.000000e+00	0.000000e+00	5.000000e+00	-2.002000e-11
1.907949218750010e-08	0.000000e+00	0.000000e+00	5.000000e+00	-2.002000e-11
1.912832031250010e-08	0.000000e+00	0.000000e+00	5.000000e+00	-2.002000e-11
1.917714843750010e-08	0.000000e+00	0.000000e+00	5.000000e+00	-2.002000e-11
1.922597656250010e-08	0.000000e+00	0.000000e+00	5.000000e+00	-2.002000e-11
1.927480468750010e-08	0.000000e+00	0.000000e+00	5.000000e+00	-2.002000e-11
1.932363281250010e-08	0.000000e+00	0.000000e+00	5.000000e+00	-2.002000e-11
1.937246093750010e-08	0.000000e+00	0.000000e+00	5.000000e+00	-2.002000e-11
1.942128906250010e-08	0.000000e+00	0.000000e+00	5.000000e+00	-2.002000e-11
1.947011718750011e-08	0.000000e+00	0.000000e+00	5.000000e+00	-2.002000e-11
1.951894531250011e-08	0.000000e+00	0.000000e+00	5.000000e+00	-2.002000e-11
1.956777343750011e-08	0.000000e+00	0.000000e+00	5.000000e+00	-2.002000e-11
1.961660156250011e-08	0.000000e+00	0.000000e+00	5.000000e+00	-2.002000e-11
1.966542968750011e-08	0.000000e+00	0.000000e+00	5.000000e+00	-2.002000e-11
1.971425781250011e-08	0.000000e+00	0.000000e+00	5.000000e+00	-2.002000e-11
1.976308593750011e-08	0.000000e+00	0.000000e+00	5.000000e+00	-2.002000e-11
1.981191406250011e-08	0.000000e+00	0.000000e+00	5.000000e+00	-2.002000e-11
1.986074218750012e-08	0.000000e+00	0.000000e+00	5.000000e+00	-2.002000e-11
1.990957031250012e-08	0.000000e+00	0.000000e+00	5.000000e+00	-2.002000e-11
1.995839843750012e-08	0.000000e+00	0.000000e+00	5.000000e+00	-2.002000e-11
2.000722656250012e-08	0.000000e+00	0.000000e+00	5.000000e+00	-2.002000e-11
2.005605468750012e-08	0.000000e+00	0.000000e+00	5.000000e+00	-2.002000e-11
2.010488281250012e-08	0.000000e+00	0.000000e+00	5.000000e+00	-2.002000e-11
2.015371093750012e-08	0.000000e+00	0.000000e+00	5.000000e+00	-2.002000e-11
2.020253906250012e-08	0.000000e+00	0.000000e+00	5.000000e+00	-2.002000e-11
2.025136718750012e-08	0.000000e+00	0.000000e+00	5.000000e+00	-2.002000e-11
2.030019531250013e-08	0.000000e+00	0.000000e+00	5.000000e+00	-2.002000e-11
2.034902343750013e-08	0.000000e+00	0.000000e+00	5.000000e+00	-2.002000e-11
2.039785156250013e-08	0.000000e+00	0.000000e+00	5.000000e+00	-2.002000e-11
2.044667968750013e-08	0.000000e+00	0.000000e+00	5.000000e+00	-2.002000e-11
2.049550781250013e-08	0.000000e+00	0.000000e+00	5.000000e+00	-2.002000e-11
2.054433593750013e-08	0.000000e+00	0.000000e+00	5.000000e+00	-2.002000e-11
2.059316406250013e-08	0.000000e+00	0.000000e+00	5.000000e+00	-2.002000e-11
2.064199218750013e-08	0.000000e+00	0.000000e+00	5.000000e+00	-2.002000e-11
2.069082031250014e-08	0.000000e+00	0.000000e+00	5.000000e+00	-2.002000e-11
2.073964843750014e-08	0.000000e+00	0.000000e+00	5.000000e+00	-2.002000e-11
2.078847656250014e-08	0.000000e+00	0.000000e+00	5.000000e+00	-2.002000e-11
2.083730468750014e-08	0.000000e+00	0.000000e+00	5.000000e+00	-2.002000e-11
2.088613281250014e-08	0.000000e+00	0.000000e+00	5.000000e+00	-2.002000e-11
2.093496093750014e-08	0.000000e+00	0.000000e+00	5.000000e+00	-2.002000e-11
2.098378906250014e-08	0.000000e+00	0.000000e+00	5.000000e+00	-2.002000e-11
2.103261718750014e-08	0.000000e+00	0.000000e+00	5.000000e+00	-2.002000e-11
2.108144531250014e-08	0.000000e+00	0.000000e+00	5.000000e+00	-2.002000e-11
2.113027343750015e-08	0.000000e+00	0.000000e+00	5.000000e+00	-2.002000e-11
2.117910156250015e-08	0.000000e+00	0.000000e+00	5.000000e+00	-2.002000e-11
2.122792968750015e-08	0.000000e+00	0.000000e+00	5.000000e+00	-2.002000e-11
2.127675781250015e-08	0.000000e+00	0.000000e+00	5.000000e+00	-2.002000e-11
2.132558593750015e-08	0.000000e+00	0.000000e+00	5.000000e+00	-2.002000e-11
2.137441406250015e-08	0.000000e+00	0.000000e+00	5.000000e+00	-2.002000e-11
2.142324218750015e-08	0.000000e+00	0.000000e+00	5.000000e+00	-2.002000e-11
2.147207031250015e-08	0.000000e+00	0.000000e+00	5.000000e+00	-2.002000e-11
2.152089843750016e-08	0.000000e+00	0.000000e+00	5.000000e+00	-2.002000e-11
2.156972656250016e-08	0.000000e+00	0.000000e+00	5.000000e+00	-2.002000e-11
2.161855468750016e-08	0.000000e+00	0.000000e+00	5.000000e+00	-2.002000e-11
2.166738281250016e-08	0.000000e+00	0.000000e+00	5.000000e+00	-2.002000e-11
2.171621093750016e-08	0.000000e+00	0.000000e+00	5.000000e+00	-2.002000e-11
2.176503906250016e-08	0.000000e+00	0.000000e+00	5.000000e+00	-2.002000e-11
2.181386718750016e-08	0.000000e+00	0.000000e+00	5.000000e+00	-2.002000e-11
2.186269531250016e-08	0.000000e+00	0.000000e+00	5.000000e+00	-2.002000e-11
2.191152343750017e-08	0.000000e+00	0.000000e+00	5.000000e+00	-2.002000e-11
2.196035156250017e-08	0.000000e+00	0.000000e+00	5.000000e+00	-2.002000e-11
2.200000000000000e-08	0.000000e+00	0.000000e+00	5.000000e+00	-2.002000e-11
2.204882812500000e-08	0.000000e+00	2.441406e+00	1.191493e+00	-4.399135e-05
2.209765625000000e-08	0.000000e+00	4.882812e+00	1.374510e-03	-1.342112e-07
2.210000000000000e-08	0.000000e+00	5.000000e+00	1.495474e-08	-1.001000e-11
2.213749999999998e-08	0.000000e+00	5.000000e+00	1.000895e-07	-1.001000e-11
2.218632812499998e-08	0.000000e+00	5.000000e+00	1.001000e-07	-1.001000e-11
2.223515624999998e-08	0.000000e+00	5.000000e+00	1.001000e-07	-1.001000e-11
2.228398437499998e-08	0.000000e+00	5.000000e+00	1.001000e-07	-1.001000e-11
2.233281249999998e-08	0.000000e+00	5.000000e+00	1.001000e-07	-1.001000e-11
2.238164062499998e-08	0.000000e+00	5.000000e+00	1.001000e-07	-1.001000e-11
2.243046874999999e-08	0.000000e+00	5.000000e+00	1.001000e-07	-1.001000e-11
2.247929687499999e-08	0.000000e+00	5.000000e+00	1.001000e-07	-1.001000e-11
2.252812499999999e-08	0.000000e+00	5.000000e+00	1.001000e-07	-1.001000e-11
2.257695312499999e-08	0.000000e+00	5.000000e+00	1.001000e-07	-1.001000e-11
2.262578124999999e-08	0.000000e+00	5.000000e+00	1.001000e-07	-1.001000e-11
2.267460937499999e-08	0.000000e+00	5.000000e+00	1.001000e-07	-1.001000e-11
2.272343749999999e-08	0.000000e+00	5.000000e+00	1.001000e-07	-1.001000e-11
2.277226562499999e-08	0.000000e+00	5.000000e+00	1.001000e-07	-1.001000e-11
2.282109375000000e-08	0.000000e+00	5.000000e+00	1.001000e-07	-1.001000e-11
2.286992187500000e-08	0.000000e+00	5.000000e+00	1.001000e-07	-1.001000e-11
2.291875000000000e-08	0.000000e+00	5.000000e+00	1.001000e-07	-1.001000e-11
2.296757812500000e-08	0.000000e+00	5.000000e+00	1.001000e-07	-1.001000e-11
2.301640625000000e-08	0.000000e+00	5.000000e+00	1.001000e-07	-1.001000e-11
2.306523437500000e-08	0.000000e+00	5.000000e+00	1.001000e-07	-1.001000e-11
2.311406250000000e-08	0.000000e+00	5.000000e+00	1.001000e-07	-1.001000e-11
2.316289062500000e-08	0.000000e+00	5.000000e+00	1.001000e-07	-1.001000e-11
2.321171875000001e-08	0.000000e+00	5.000000e+00	1.001000e-07	-1.001000e-11
2.326054687500001e-08	0.000000e+00	5.000000e+00	1.001000e-07	-1.001000e-11
2.330937500000001e-08	0.000000e+00	5.000000e+00	1.001000e-07	-1.001000e-11
2.335820312500001e-08	0.000000e+00	5.000000e+00	1.001000e-07	-1.001000e-11
2.340703125000001e-08	0.000000e+00	5.000000e+00	1.001000e-07	-1.001000e-11
2.345585937500001e-08	0.000000e+00	5.000000e+00	1.001000e-07	-1.001000e-11
2.350468750000001e-08	0.000000e+00	5.000000e+00	1.001000e-07	-1.001000e-11
2.355351562500001e-08	0.000000e+00	5.000000e+00	1.001000e-07	-1.001000e-11
2.360234375000001e-08	0.000000e+00	5.000000e+00	1.001000e-07	-1.001000e-11
2.365117187500002e-08	0.000000e+00	5.000000e+00	1.001000e-07	-1.001000e-11
2.370000000000002e-08	0.000000e+00	5.000000e+00	1.001000e-07	-1.001000e-11
2.374882812500002e-08	0.000000e+00	5.000000e+00	1.001000e-07	-1.001000e-11
2.379765625000002e-08	0.000000e+00	5.000000e+00	1.001000e-07	-1.001000e-11
2.384648437500002e-08	0.000000e+00	5.000000e+00	1.001000e-07	-1.001000e-11
2.389531250000002e-08	0.000000e+00	5.000000e+00	1.001000e-07	-1.001000e-11
2.394414062500002e-08	0.000000e+00	5.000000e+00	1.001000e-07	-1.001000e-11
2.399296875000002e-08	0.000000e+00	5.000000e+00	1.001000e-07	-1.001000e-11
2.404179687500003e-08	0.000000e+00	5.000000e+00	1.001000e-07	-1.001000e-11
2.409062500000003e-08	0.000000e+00	5.000000e+00	1.001000e-07	-1.001000e-11
2.413945312500003e-08	0.000000e+00	5.000000e+00	1.001000e-07	-1.001000e-11
2.418828125000003e-08	0.000000e+00	5.000000e+00	1.001000e-07	-1.001000e-11
2.423710937500003e-08	0.000000e+00	5.000000e+00	1.001000e-07	-1.001000e-11
2.428593750000003e-08	0.000000e+00	5.000000e+00	1.001000e-07	-1.001000e-11
2.433476562500003e-08	0.000000e+00	5.000000e+00	1.001000e-07	-1.001000e-11
2.438359375000003e-08	0.000000e+00	5.000000e+00	1.001000e-07	-1.001000e-11
2.443242187500003e-08	0.000000e+00	5.000000e+00	1.001000e-07	-1.001000e-11
2.448125000000004e-08	0.000000e+00	5.000000e+00	1.001000e-07	-1.001000e-11
2.453007812500004e-08	0.000000e+00	5.000000e+00	1.001000e-07	-1.001000e-11
2.457890625000004e-08	0.000000e+00	5.000000e+00	1.001000e-07	-1.001000e-11
2.462773437500004e-08	0.000000e+00	5.000000e+00	1.001000e-07	-1.001000e-11
2.467656250000004e-08	0.000000e+00	5.000000e+00	1.001000e-07	-1.001000e-11
2.472539062500004e-08	0.000000e+00	5.000000e+00	1.001000e-07	-1.001000e-11
2.477421875000004e-08	0.000000e+00	5.000000e+00	1.001000e-07	-1.001000e-11
2.482304687500004e-08	0.000000e+00	5.000000e+00	1.001000e-07	-1.001000e-11
2.487187500000005e-08	0.000000e+00	5.000000e+00	1.001000e-07	-1.001000e-11
2.492070312500005e-08	0.000000e+00	5.000000e+00	1.001000e-07	-1.001000e-11
2.496953125000005e-08	0.000000e+00	5.000000e+00	1.001000e-07	-1.001000e-11
2.500000000000000e-08	0.000000e+00	5.000000e+00	1.001000e-07	-1.001000e-11
2.500488281250000e-08	2.441406e-01	5.000000e+00	1.001000e-07	-1.001000e-11
2.501464843750000e-08	7.324219e-01	5.000000e+00	8.731039e-08	-1.001000e-11
2.503417968750000e-08	1.708984e+00	5.000000e+00	7.460145e-08	-1.001000e-11
2.507324218750000e-08	3.662109e+00	5.000000e+00	5.778038e-08	-1.001000e-11
2.510000000000000e-08	5.000000e+00	5.000000e+00	4.382500e-08	-8.765000e-12
2.510488281250000e-08	5.000000e+00	5.000000e+00	4.376431e-08	-8.765000e-12
2.511464843750001e-08	5.000000e+00	5.000000e+00	4.382500e-08	-8.765000e-12
2.513417968750001e-08	5.000000e+00	5.000000e+00	4.382500e-08	-8.765000e-12
2.517324218750000e-08	5.000000e+00	5.000000e+00	4.382500e-08	-8.765000e-12
2.522207031250001e-08	5.000000e+00	5.000000e+00	4.382500e-08	-8.765000e-12
2.527089843750001e-08	5.000000e+00	5.000000e+00	4.382500e-08	-8.765000e-12
2.531972656250001e-08	5.000000e+00	5.000000e+00	4.382500e-08	-8.765000e-12
2.536855468750001e-08	5.000000e+00	5.000000e+00	4.382500e-08	-8.765000e-12
2.541738281250001e-08	5.000000e+00	5.000000e+00	4.382500e-08	-8.765000e-12
2.546621093750001e-08	5.000000e+00	5.000000e+00	4.382500e-08	-8.765000e-12
2.551503906250001e-08	5.000000e+00	5.000000e+00	4.382500e-08	-8.765000e-12
2.556386718750001e-08	5.000000e+00	5.000000e+00	4.382500e-08	-8.765000e-12
2.561269531250002e-08	5.000000e+00	5.000000e+00	4.382500e-08	-8.765000e-12
2.566152343750002e-08	5.000000e+00	5.000000e+00	4.382500e-08	-8.765000e-12
2.571035156250002e-08	5.000000e+00	5.000000e+00	4.382500e-08	-8.765000e-12
2.575917968750002e-08	5.000000e+00	5.000000e+00	4.382500e-08	-8.765000e-12
2.580800781250002e-08	5.000000e+00	5.000000e+00	4.382500e-08	-8.765000e-12
2.585683593750002e-08	5.000000e+00	5.000000e+00	4.382500e-08	-8.765000e-12
2.590566406250002e-08	5.000000e+00	5.000000e+00	4.382500e-08	-8.765000e-12
2.595449218750002e-08	5.000000e+00	5.000000e+00	4.382500e-08	-8.765000e-12
2.600332031250003e-08	5.000000e+00	5.000000e+00	4.382500e-08	-8.765000e-12
2.605214843750003e-08	5.000000e+00	5.000000e+00	4.382500e-08	-8.765000e-12
2.610097656250003e-08	5.000000e+00	5.000000e+00	4.382500e-08	-8.765000e-12
2.614980468750003e-08	5.000000e+00	5.000000e+00	4.382500e-08	-8.765000e-12
2.619863281250003e-08	5.000000e+00	5.000000e+00	4.382500e-08	-8.765000e-12
2.624746093750003e-08	5.000000e+00	5.000000e+00	4.382500e-08	-8.765000e-12
2.629628906250003e-08	5.000000e+00	5.000000e+00	4.382500e-08	-8.765000e-12
2.634511718750003e-08	5.000000e+00	5.000000e+00	4.382500e-08	-8.765000e-12
2.639394531250003e-08	5.000000e+00	5.000000e+00	4.382500e-08	-8.765000e-12
2.644277343750004e-08	5.000000e+00	5.000000e+00	4.382500e-08	-8.765000e-12
2.649160156250004e-08	5.000000e+00	5.000000e+00	4.382500e-08	-8.765000e-12
2.654042968750004e-08	5.000000e+00	5.000000e+00	4.382500e-08	-8.765000e-12
2.658925781250004e-08	5.000000e+00	5.000000e+00	4.382500e-08	-8.765000e-12
2.663808593750004e-08	5.000000e+00	5.000000e+00	4.382500e-08	-8.765000e-12
2.668691406250004e-08	5.000000e+00	5.000000e+00	4.382500e-08	-8.765000e-12
2.673574218750004e-08	5.000000e+00	5.000000e+00	4.382500e-08	-8.765000e-12
2.678457031250004e-08	5.000000e+00	5.000000e+00	4.382500e-08	-8.765000e-12
2.683339843750005e-08	5.000000e+00	5.000000e+00	4.382500e-08	-8.765000e-12
2.688222656250005e-08	5.000000e+00	5.000000e+00	4.382500e-08	-8.765000e-12
2.693105468750005e-08	5.000000e+00	5.000000e+00	4.382500e-08	-8.765000e-12
2.697988281250005e-08	5.000000e+00	5.000000e+00	4.382500e-08	-8.765000e-12
2.702871093750005e-08	5.000000e+00	5.000000e+00	4.382500e-08	-8.765000e-12
2.707753906250005e-08	5.000000e+00	5.000000e+00	4.382500e-08	-8.765000e-12
2.710000000000000e-08	5.000000e+00	5.000000e+00	4.382500e-08	-8.765000e-12
2.714882812500001e-08	5.000000e+00	2.558594e+00	8.164467e-08	-1.234812e-11
2.715493164062501e-08	5.000000e+00	2.253418e+00	9.141900e-08	-1.326553e-11
2.716713867187501e-08	5.000000e+00	1.643066e+00	1.136111e-07	-1.509705e-11
2.719155273437501e-08	5.000000e+00	4.223633e-01	1.729822e-07	-1.875945e-11
2.720000000000001e-08	5.000000e+00	0.000000e+00	2.002632e-07	-2.002632e-11
2.720000985860825e-08	5.000000e+00	0.000000e+00	2.002632e-07	-2.002632e-11
2.720002957582474e-08	5.000000e+00	0.000000e+00	2.002632e-07	-2.002632e-11
2.720006901025773e-08	5.000000e+00	0.000000e+00	2.002632e-07	-2.002632e-11
2.720014787912369e-08	5.000000e+00	0.000000e+00	2.002632e-07	-2.002632e-11
2.720030561685562e-08	5.000000e+00	0.000000e+00	2.002632e-07	-2.002632e-11
2.720062109231949e-08	5.000000e+00	0.000000e+00	2.002632e-07	-2.002632e-11
2.720125204324723e-08	5.000000e+00	0.000000e+00	2.002632e-07	-2.002632e-11
2.720251394510270e-08	5.000000e+00	0.000000e+00	2.002632e-07	-2.002632e-11
2.720503774881363e-08	5.000000e+00	0.000000e+00	2.002632e-07	-2.002632e-11
2.721008535623551e-08	5.000000e+00	0.000000e+00	2.002632e-07	-2.002632e-11
2.722018057107926e-08	5.000000e+00	0.000000e+00	2.002632e-07	-2.002632e-11
2.724037100076676e-08	5.000000e+00	0.000000e+00	2.002632e-07	-2.002632e-11
2.728075186014176e-08	5.000000e+00	0.000000e+00	2.002632e-07	-2.002632e-11
2.732957998514176e-08	5.000000e+00	0.000000e+00	2.002632e-07	-2.002632e-11
2.737840811014177e-08	5.000000e+00	0.000000e+00	2.002632e-07	-2.002632e-11
2.742723623514177e-08	5.000000e+00	0.000000e+00	2.002632e-07	-2.002632e-11
2.747606436014177e-08	5.000000e+00	0.000000e+00	2.002632e-07	-2.002632e-11
2.752489248514177e-08	5.000000e+00	0.000000e+00	2.002632e-07	-2.002632e-11
2.757372061014177e-08	5.000000e+00	0.000000e+00	2.002632e-07	-2.002632e-11
2.762254873514177e-08	5.000000e+00	0.000000e+00	2.002632e-07	-2.002632e-11
2.767137686014177e-08	5.000000e+00	0.000000e+00	2.002632e-07	-2.002632e-11
2.772020498514177e-08	5.000000e+00	0.000000e+00	2.002632e-07	-2.002632e-11
2.776903311014177e-08	5.000000e+00	0.000000e+00	2.002632e-07	-2.002632e-11
2.781786123514178e-08	5.000000e+00	0.000000e+00	2.002632e-07	-2.002632e-11
2.786668936014178e-08	5.000000e+00	0.000000e+00	2.002632e-07	-2.002632e-11
2.791551748514178e-08	5.000000e+00	0.000000e+00	2.002632e-07	-2.002632e-11
2.796434561014178e-08	5.000000e+00	0.000000e+00	2.002632e-07	-2.002632e-11
2.801317373514178e-08	5.000000e+00	0.000000e+00	2.002632e-07	-2.002632e-11
2.806200186014178e-08	5.000000e+00	0.000000e+00	2.002632e-07	-2.002632e-11
2.811082998514178e-08	5.000000e+00	0.000000e+00	2.002632e-07	-2.002632e-11
2.815965811014178e-08	5.000000e+00	0.000000e+00	2.002632e-07	-2.002632e-11
2.820848623514179e-08	5.000000e+00	0.000000e+00	2.002632e-07	-2.002632e-11
2.825731436014179e-08	5.000000e+00	0.000000e+00	2.002632e-07	-2.002632e-11
2.830614248514179e-08	5.000000e+00	0.000000e+00	2.002632e-07	-2.002632e-11
2.835497061014179e-08	5.000000e+00	0.000000e+00	2.002632e-07	-2.002632e-11
2.840379873514179e-08	5.000000e+00	0.000000e+00	2.002632e-07	-2.002632e-11
2.845262686014179e-08	5.000000e+00	0.000000e+00	2.002632e-07	-2.002632e-11
2.850145498514179e-08	5.000000e+00	0.000000e+00	2.002632e-07	-2.002632e-11
2.855028311014179e-08	5.000000e+00	0.000000e+00	2.002632e-07	-2.002632e-11
2.859911123514179e-08	5.000000e+00	0.000000e+00	2.002632e-07	-2.002632e-11
2.864793936014180e-08	5.000000e+00	0.000000e+00	2.002632e-07	-2.002632e-11
2.869676748514180e-08	5.000000e+00	0.000000e+00	2.002632e-07	-2.002632e-11
2.874559561014180e-08	5.000000e+00	0.000000e+00	2.002632e-07	-2.002632e-11
2.879442373514180e-08	5.000000e+00	0.000000e+00	2.002632e-07	-2.002632e-11
2.884325186014180e-08	5.000000e+00	0.000000e+00	2.002632e-07	-2.002632e-11
2.889207998514180e-08	5.000000e+00	0.000000e+00	2.002632e-07	-2.002632e-11
2.894090811014180e-08	5.000000e+00	0.000000e+00	2.002632e-07	-2.002632e-11
2.898973623514180e-08	5.000000e+00	0.000000e+00	2.002632e-07	-2.002632e-11
2.903856436014181e-08	5.000000e+00	0.000000e+00	2.002632e-07	-2.002632e-11
2.908739248514181e-08	5.000000e+00	0.000000e+00	2.002632e-07	-2.002632e-11
2.913622061014181e-08	5.000000e+00	0.000000e+00	2.002632e-07	-2.002632e-11
2.918504873514181e-08	5.000000e+00	0.000000e+00	2.002632e-07	-2.002632e-11
2.923387686014181e-08	5.000000e+00	0.000000e+00	2.002632e-07	-2.002632e-11
2.928270498514181e-08	5.000000e+00	0.000000e+00	2.002632e-07	-2.002632e-11
2.933153311014181e-08	5.000000e+00	0.000000e+00	2.002632e-07	-2.002632e-11
2.938036123514181e-08	5.000000e+00	0.000000e+00	2.002632e-07	-2.002632e-11
2.942918936014181e-08	5.000000e+00	0.000000e+00	2.002632e-07	-2.002632e-11
2.947801748514182e-08	5.000000e+00	0.000000e+00	2.002632e-07	-2.002632e-11
2.952684561014182e-08	5.000000e+00	0.000000e+00	2.002632e-07	-2.002632e-11
2.957567373514182e-08	5.000000e+00	0.000000e+00	2.002632e-07	-2.002632e-11
2.962450186014182e-08	5.000000e+00	0.000000e+00	2.002632e-07	-2.002632e-11
2.967332998514182e-08	5.000000e+00	0.000000e+00	2.002632e-07	-2.002632e-11
2.972215811014182e-08	5.000000e+00	0.000000e+00	2.002632e-07	-2.002632e-11
2.977098623514182e-08	5.000000e+00	0.000000e+00	2.002632e-07	-2.002632e-11
2.981981436014182e-08	5.000000e+00	0.000000e+00	2.002632e-07	-2.002632e-11
2.986864248514183e-08	5.000000e+00	0.000000e+00	2.002632e-07	-2.002632e-11
2.991747061014183e-08	5.000000e+00	0.000000e+00	2.002632e-07	-2.002632e-11
2.996629873514183e-08	5.000000e+00	0.000000e+00	2.002632e-07	-2.002632e-11
3.000000000000000e-08	5.000000e+00	0.000000e+00	2.002632e-07	-2.002632e-11
3.000061035156251e-08	4.969482e+00	0.000000e+00	9.390567e-05	-9.333164e-09
3.000183105468751e-08	4.908447e+00	0.000000e+00	8.540664e-04	-8.383878e-08
3.000427246093751e-08	4.786377e+00	0.000000e+00	4.769135e-03	-4.563674e-07
3.000915527343750e-08	4.542236e+00	0.000000e+00	2.311341e-02	-2.095494e-06
3.001892089843750e-08	4.053955e+00	0.000000e+00	1.119316e-01	-8.950027e-06
3.003845214843751e-08	3.077393e+00	0.000000e+00	6.743480e-01	-3.696421e-05
3.007751464843751e-08	1.124268e+00	0.000000e+00	4.700791e+00	-1.263979e-05
3.010000000000000e-08	0.000000e+00	0.000000e+00	5.000916e+00	-2.002000e-11
3.010488281250000e-08	0.000000e+00	0.000000e+00	5.002100e+00	-2.002000e-11
3.011464843750000e-08	0.000000e+00	0.000000e+00	5.000001e+00	-2.002000e-11
3.013417968750001e-08	0.000000e+00	0.000000e+00	5.000001e+00	-2.002000e-11
3.017324218750001e-08	0.000000e+00	0.000000e+00	5.000000e+00	-2.002000e-11
3.022207031250001e-08	0.000000e+00	0.000000e+00	5.000000e+00	-2.002000e-11
3.027089843750001e-08	0.000000e+00	0.000000e+00	5.000000e+00	-2.002000e-11
3.031972656250001e-08	0.000000e+00	0.000000e+00	5.000000e+00	-2.002000e-11
3.036855468750001e-08	0.000000e+00	0.000000e+00	5.000000e+00	-2.002000e-11
3.041738281250001e-08	0.000000e+00	0.000000e+00	5.000000e+00	-2.002000e-11
3.046621093750001e-08	0.000000e+00	0.000000e+00	5.000000e+00	-2.002000e-11
3.051503906250001e-08	0.000000e+00	0.000000e+00	5.000000e+00	-2.002000e-11
3.056386718750002e-08	0.000000e+00	0.000000e+00	5.000000e+00	-2.002000e-11
3.061269531250002e-08	0.000000e+00	0.000000e+00	5.000000e+00	-2.002000e-11
3.066152343750002e-08	0.000000e+00	0.000000e+00	5.000000e+00	-2.002000e-11
3.071035156250002e-08	0.000000e+00	0.000000e+00	5.000000e+00	-2.002000e-11
3.075917968750002e-08	0.000000e+00	0.000000e+00	5.000000e+00	-2.002000e-11
3.080800781250002e-08	0.000000e+00	0.000000e+00	5.000000e+00	-2.002000e-11
3.085683593750002e-08	0.000000e+00	0.000000e+00	5.000000e+00	-2.002000e-11
3.090566406250002e-08	0.000000e+00	0.000000e+00	5.000000e+00	-2.002000e-11
3.095449218750003e-08	0.000000e+00	0.000000e+00	5.000000e+00	-2.002000e-11
3.100332031250003e-08	0.000000e+00	0.000000e+00	5.000000e+00	-2.002000e-11
3.105214843750003e-08	0.000000e+00	0.000000e+00	5.000000e+00	-2.002000e-11
3.110097656250003e-08	0.000000e+00	0.000000e+00	5.000000e+00	-2.002000e-11
3.114980468750003e-08	0.000000e+00	0.000000e+00	5.000000e+00	-2.002000e-11
3.119863281250003e-08	0.000000e+00	0.000000e+00	5.000000e+00	-2.002000e-11
3.124746093750003e-08	0.000000e+00	0.000000e+00	5.000000e+00	-2.002000e-11
3.129628906250003e-08	0.000000e+00	0.000000e+00	5.000000e+00	-2.002000e-11
3.134511718750004e-08	0.000000e+00	0.000000e+00	5.000000e+00	-2.002000e-11
3.139394531250004e-08	0.000000e+00	0.000000e+00	5.000000e+00	-2.002000e-11
3.144277343750004e-08	0.000000e+00	0.000000e+00	5.000000e+00	-2.002000e-11
3.149160156250004e-08	0.000000e+00	0.000000e+00	5.000000e+00	-2.002000e-11
3.154042968750004e-08	0.000000e+00	0.000000e+00	5.000000e+00	-2.002000e-11
3.158925781250004e-08	0.000000e+00	0.000000e+00	5.000000e+00	-2.002000e-11
3.163808593750004e-08	0.000000e+00	0.000000e+00	5.000000e+00	-2.002000e-11
3.168691406250004e-08	0.000000e+00	0.000000e+00	5.000000e+00	-2.002000e-11
3.173574218750004e-08	0.000000e+00	0.000000e+00	5.000000e+00	-2.002000e-11
3.178457031250005e-08	0.000000e+00	0.000000e+00	5.000000e+00	-2.002000e-11
3.183339843750005e-08	0.000000e+00	0.000000e+00	5.000000e+00	-2.002000e-11
3.188222656250005e-08	0.000000e+00	0.000000e+00	5.000000e+00	-2.002000e-11
3.193105468750005e-08	0.000000e+00	0.000000e+00	5.000000e+00	-2.002000e-11
3.197988281250005e-08	0.000000e+00	0.000000e+00	5.000000e+00	-2.002000e-11
3.202871093750005e-08	0.000000e+00	0.000000e+00	5.000000e+00	-2.002000e-11
3.207753906250005e-08	0.000000e+00	0.000000e+00	5.000000e+00	-2.002000e-11
3.212636718750005e-08	0.000000e+00	0.000000e+00	5.000000e+00	-2.002000e-11
3.217519531250006e-08	0.000000e+00	0.000000e+00	5.000000e+00	-2.002000e-11
3.222402343750006e-08	0.000000e+00	0.000000e+00	5.000000e+00	-2.002000e-11
3.227285156250006e-08	0.000000e+00	0.000000e+00	5.000000e+00	-2.002000e-11
3.232167968750006e-08	0.000000e+00	0.000000e+00	5.000000e+00	-2.002000e-11
3.237050781250006e-08	0.000000e+00	0.000000e+00	5.000000e+00	-2.002000e-11
3.241933593750006e-08	0.000000e+00	0.000000e+00	5.000000e+00	-2.002000e-11
3.246816406250006e-08	0.000000e+00	0.000000e+00	5.000000e+00	-2.002000e-11
3.251699218750006e-08	0.000000e+00	0.000000e+00	5.000000e+00	-2.002000e-11
3.256582031250006e-08	0.000000e+00	0.000000e+00	5.000000e+00	-2.002000e-11
3.261464843750007e-08	0.000000e+00	0.000000e+00	5.000000e+00	-2.002000e-11
3.266347656250007e-08	0.000000e+00	0.000000e+00	5.000000e+00	-2.002000e-11
3.271230468750007e-08	0.000000e+00	0.000000e+00	5.000000e+00	-2.002000e-11
3.276113281250007e-08	0.000000e+00	0.000000e+00	5.000000e+00	-2.002000e-11
3.280996093750007e-08	0.000000e+00	0.000000e+00	5.000000e+00	-2.002000e-11
3.285878906250007e-08	0.000000e+00	0.000000e+00	5.000000e+00	-2.002000e-11
3.290761718750007e-08	0.000000e+00	0.000000e+00	5.000000e+00	-2.002000e-11
3.295644531250007e-08	0.000000e+00	0.000000e+00	5.000000e+00	-2.002000e-11
3.300527343750008e-08	0.000000e+00	0.000000e+00	5.000000e+00	-2.002000e-11
3.305410156250008e-08	0.000000e+00	0.000000e+00	5.000000e+00	-2.002000e-11
3.310292968750008e-08	0.000000e+00	0.000000e+00	5.000000e+00	-2.002000e-11
3.315175781250008e-08	0.000000e+00	0.000000e+00	5.000000e+00	-2.002000e-11
3.320058593750008e-08	0.000000e+00	0.000000e+00	5.000000e+00	-2.002000e-11
3.324941406250008e-08	0.000000e+00	0.000000e+00	5.000000e+00	-2.002000e-11
3.329824218750008e-08	0.000000e+00	0.000000e+00	5.000000e+00	-2.002000e-11
3.334707031250008e-08	0.000000e+00	0.000000e+00	5.000000e+00	-2.002000e-11
3.339589843750008e-08	0.000000e+00	0.000000e+00	5.000000e+00	-2.002000e-11
3.344472656250009e-08	0.000000e+00	0.000000e+00	5.000000e+00	-2.002000e-11
3.349355468750009e-08	0.000000e+00	0.000000e+00	5.000000e+00	-2.002000e-11
3.354238281250009e-08	0.000000e+00	0.000000e+00	5.000000e+00	-2.002000e-11
3.359121093750009e-08	0.000000e+00	0.000000e+00	5.000000e+00	-2.002000e-11
3.364003906250009e-08	0.000000e+00	0.000000e+00	5.000000e+00	-2.002000e-11
3.368886718750009e-08	0.000000e+00	0.000000e+00	5.000000e+00	-2.002000e-11
3.373769531250009e-08	0.000000e+00	0.000000e+00	5.000000e+00	-2.002000e-11
3.378652343750009e-08	0.000000e+00	0.000000e+00	5.000000e+00	-2.002000e-11
3.383535156250010e-08	0.000000e+00	0.000000e+00	5.000000e+00	-2.002000e-11
3.388417968750010e-08	0.000000e+00	0.000000e+00	5.000000e+00	-2.002000e-11
3.393300781250010e-08	0.000000e+00	0.000000e+00	5.000000e+00	-2.002000e-11
3.398183593750010e-08	0.000000e+00	0.000000e+00	5.000000e+00	-2.002000e-11
3.403066406250010e-08	0.000000e+00	0.000000e+00	5.000000e+00	-2.002000e-11
3.407949218750010e-08	0.000000e+00	0.000000e+00	5.000000e+00	-2.002000e-11
3.412832031250010e-08	0.000000e+00	0.000000e+00	5.000000e+00	-2.002000e-11
3.417714843750010e-08	0.000000e+00	0.000000e+00	5.000000e+00	-2.002000e-11
3.422597656250011e-08	0.000000e+00	0.000000e+00	5.000000e+00	-2.002000e-11
3.427480468750011e-08	0.000000e+00	0.000000e+00	5.000000e+00	-2.002000e-11
3.432363281250011e-08	0.000000e+00	0.000000e+00	5.000000e+00	-2.002000e-11
3.437246093750011e-08	0.000000e+00	0.000000e+00	5.000000e+00	-2.002000e-11
3.442128906250011e-08	0.000000e+00	0.000000e+00	5.000000e+00	-2.002000e-11
3.447011718750011e-08	0.000000e+00	0.000000e+00	5.000000e+00	-2.002000e-11
3.451894531250011e-08	0.000000e+00	0.000000e+00	5.000000e+00	-2.002000e-11
3.456777343750011e-08	0.000000e+00	0.000000e+00	5.000000e+00	-2.002000e-11
3.461660156250011e-08	0.000000e+00	0.000000e+00	5.000000e+00	-2.002000e-11
3.466542968750012e-08	0.000000e+00	0.000000e+00	5.000000e+00	-2.002000e-11
3.471425781250012e-08	0.000000e+00	0.000000e+00	5.000000e+00	-2.002000e-11
3.476308593750012e-08	0.000000e+00	0.000000e+00	5.000000e+00	-2.002000e-11
3.481191406250012e-08	0.000000e+00	0.000000e+00	5.000000e+00	-2.002000e-11
3.486074218750012e-08	0.000000e+00	0.000000e+00	5.000000e+00	-2.002000e-11
3.490957031250012e-08	0.000000e+00	0.000000e+00	5.000000e+00	-2.002000e-11
3.495839843750012e-08	0.000000e+00	0.000000e+00	5.000000e+00	-2.002000e-11
3.500722656250012e-08	0.000000e+00	0.000000e+00	5.000000e+00	-2.002000e-11
3.505605468750013e-08	0.000000e+00	0.000000e+00	5.000000e+00	-2.002000e-11
3.510488281250013e-08	0.000000e+00	0.000000e+00	5.000000e+00	-2.002000e-11
3.515371093750013e-08	0.000000e+00	0.000000e+00	5.000000e+00	-2.002000e-11
3.520253906250013e-08	0.000000e+00	0.000000e+00	5.000000e+00	-2.002000e-11
3.525136718750013e-08	0.000000e+00	0.000000e+00	5.000000e+00	-2.002000e-11
3.530019531250013e-08	0.000000e+00	0.000000e+00	5.000000e+00	-2.002000e-11
3.534902343750013e-08	0.000000e+00	0.000000e+00	5.000000e+00	-2.002000e-11
3.539785156250013e-08	0.000000e+00	0.000000e+00	5.000000e+00	-2.002000e-11
3.544667968750013e-08	0.000000e+00	0.000000e+00	5.000000e+00	-2.002000e-11
3.549550781250014e-08	0.000000e+00	0.000000e+00	5.000000e+00	-2.002000e-11
3.554433593750014e-08	0.000000e+00	0.000000e+00	5.000000e+00	-2.002000e-11
3.559316406250014e-08	0.000000e+00	0.000000e+00	5.000000e+00	-2.002000e-11
3.564199218750014e-08	0.000000e+00	0.000000e+00	5.000000e+00	-2.002000e-11
3.569082031250014e-08	0.000000e+00	0.000000e+00	5.000000e+00	-2.002000e-11
3.573964843750014e-08	0.000000e+00	0.000000e+00	5.000000e+00	-2.002000e-11
3.578847656250014e-08	0.000000e+00	0.000000e+00	5.000000e+00	-2.002000e-11
3.583730468750014e-08	0.000000e+00	0.000000e+00	5.000000e+00	-2.002000e-11
3.588613281250015e-08	0.000000e+00	0.000000e+00	5.000000e+00	-2.002000e-11
3.593496093750015e-08	0.000000e+00	0.000000e+00	5.000000e+00	-2.002000e-11
3.598378906250015e-08	0.000000e+00	0.000000e+00	5.000000e+00	-2.002000e-11
3.603261718750015e-08	0.000000e+00	0.000000e+00	5.000000e+00	-2.002000e-11
3.608144531250015e-08	0.000000e+00	0.000000e+00	5.000000e+00	-2.002000e-11
3.613027343750015e-08	0.000000e+00	0.000000e+00	5.000000e+00	-2.002000e-11
3.617910156250015e-08	0.000000e+00	0.000000e+00	5.000000e+00	-2.002000e-11
3.622792968750015e-08	0.000000e+00	0.000000e+00	5.000000e+00	-2.002000e-11
3.627675781250015e-08	0.000000e+00	0.000000e+00	5.000000e+00	-2.002000e-11
3.632558593750016e-08	0.000000e+00	0.000000e+00	5.000000e+00	-2.002000e-11
3.637441406250016e-08	0.000000e+00	0.000000e+00	5.000000e+00	-2.002000e-11
3.642324218750016e-08	0.000000e+00	0.000000e+00	5.000000e+00	-2.002000e-11
3.647207031250016e-08	0.000000e+00	0.000000e+00	5.000000e+00	-2.002000e-11
3.652089843750016e-08	0.000000e+00	0.000000e+00	5.000000e+00	-2.002000e-11
3.656972656250016e-08	0.000000e+00	0.000000e+00	5.000000e+00	-2.002000e-11
3.661855468750016e-08	0.000000e+00	0.000000e+00	5.000000e+00	-2.002000e-11
3.666738281250016e-08	0.000000e+00	0.000000e+00	5.000000e+00	-2.002000e-11
3.671621093750017e-08	0.000000e+00	0.000000e+00	5.000000e+00	-2.002000e-11
3.676503906250017e-08	0.000000e+00	0.000000e+00	5.000000e+00	-2.002000e-11
3.681386718750017e-08	0.000000e+00	0.000000e+00	5.000000e+00	-2.002000e-11
3.686269531250017e-08	0.000000e+00	0.000000e+00	5.000000e+00	-2.002000e-11
3.691152343750017e-08	0.000000e+00	0.000000e+00	5.000000e+00	-2.002000e-11
3.696035156250017e-08	0.000000e+00	0.000000e+00	5.000000e+00	-2.002000e-11
3.700917968750017e-08	0.000000e+00	0.000000e+00	5.000000e+00	-2.002000e-11
3.705800781250017e-08	0.000000e+00	0.000000e+00	5.000000e+00	-2.002000e-11
3.710683593750018e-08	0.000000e+00	0.000000e+00	5.000000e+00	-2.002000e-11
3.715566406250018e-08	0.000000e+00	0.000000e+00	5.000000e+00	-2.002000e-11
3.720449218750018e-08	0.000000e+00	0.000000e+00	5.000000e+00	-2.002000e-11
3.725332031250018e-08	0.000000e+00	0.000000e+00	5.000000e+00	-2.002000e-11
3.730214843750018e-08	0.000000e+00	0.000000e+00	5.000000e+00	-2.002000e-11
3.735097656250018e-08	0.000000e+00	0.000000e+00	5.000000e+00	-2.002000e-11
3.739980468750018e-08	0.000000e+00	0.000000e+00	5.000000e+00	-2.002000e-11
3.744863281250018e-08	0.000000e+00	0.000000e+00	5.000000e+00	-2.002000e-11
3.749746093750018e-08	0.000000e+00	0.000000e+00	5.000000e+00	-2.002000e-11
3.754628906250019e-08	0.000000e+00	0.000000e+00	5.000000e+00	-2.002000e-11
3.759511718750019e-08	0.000000e+00	0.000000e+00	5.000000e+00	-2.002000e-11
3.764394531250019e-08	0.000000e+00	0.000000e+00	5.000000e+00	-2.002000e-11
3.769277343750019e-08	0.000000e+00	0.000000e+00	5.000000e+00	-2.002000e-11
3.774160156250019e-08	0.000000e+00	0.000000e+00	5.000000e+00	-2.002000e-11
3.779042968750019e-08	0.000000e+00	0.000000e+00	5.000000e+00	-2.002000e-11
3.783925781250019e-08	0.000000e+00	0.000000e+00	5.000000e+00	-2.002000e-11
3.788808593750019e-08	0.000000e+00	0.000000e+00	5.000000e+00	-2.002000e-11
3.793691406250020e-08	0.000000e+00	0.000000e+00	5.000000e+00	-2.002000e-11
3.798574218750020e-08	0.000000e+00	0.000000e+00	5.000000e+00	-2.002000e-11
3.803457031250020e-08	0.000000e+00	0.000000e+00	5.000000e+00	-2.002000e-11
3.808339843750020e-08	0.000000e+00	0.000000e+00	5.000000e+00	-2.002000e-11
3.813222656250020e-08	0.000000e+00	0.000000e+00	5.000000e+00	-2.002000e-11
3.818105468750020e-08	0.000000e+00	0.000000e+00	5.000000e+00	-2.002000e-11
3.822988281250020e-08	0.000000e+00	0.000000e+00	5.000000e+00	-2.002000e-11
3.827871093750020e-08	0.000000e+00	0.000000e+00	5.000000e+00	-2.002000e-11
3.832753906250020e-08	0.000000e+00	0.000000e+00	5.000000e+00	-2.002000e-11
3.837636718750021e-08	0.000000e+00	0.000000e+00	5.000000e+00	-2.002000e-11
3.842519531250021e-08	0.000000e+00	0.000000e+00	5.000000e+00	-2.002000e-11
3.847402343750021e-08	0.000000e+00	0.000000e+00	5.000000e+00	-2.002000e-11
3.852285156250021e-08	0.000000e+00	0.000000e+00	5.000000e+00	-2.002000e-11
3.857167968750021e-08	0.000000e+00	0.000000e+00	5.000000e+00	-2.002000e-11
3.862050781250021e-08	0.000000e+00	0.000000e+00	5.000000e+00	-2.002000e-11
3.866933593750021e-08	0.000000e+00	0.000000e+00	5.000000e+00	-2.002000e-11
3.871816406250021e-08	0.000000e+00	0.000000e+00	5.000000e+00	-2.002000e-11
3.876699218750022e-08	0.000000e+00	0.000000e+00	5.000000e+00	-2.002000e-11
3.881582031250022e-08	0.000000e+00	0.000000e+00	5.000000e+00	-2.002000e-11
3.886464843750022e-08	0.000000e+00	0.000000e+00	5.000000e+00	-2.002000e-11
3.891347656250022e-08	0.000000e+00	0.000000e+00	5.000000e+00	-2.002000e-11
3.896230468750022e-08	0.000000e+00	0.000000e+00	5.000000e+00	-2.002000e-11
3.901113281250022e-08	0.000000e+00	0.000000e+00	5.000000e+00	-2.002000e-11
3.905996093750022e-08	0.000000e+00	0.000000e+00	5.000000e+00	-2.002000e-11
3.910878906250022e-08	0.000000e+00	0.000000e+00	5.000000e+00	-2.002000e-11
3.915761718750022e-08	0.000000e+00	0.000000e+00	5.000000e+00	-2.002000e-11
3.920644531250023e-08	0.000000e+00	0.000000e+00	5.000000e+00	-2.002000e-11
3.925527343750023e-08	0.000000e+00	0.000000e+00	5.000000e+00	-2.002000e-11
3.930410156250023e-08	0.000000e+00	0.000000e+00	5.000000e+00	-2.002000e-11
3.935292968750023e-08	0.000000e+00	0.000000e+00	5.000000e+00	-2.002000e-11
3.940175781250023e-08	0.000000e+00	0.000000e+00	5.000000e+00	-2.002000e-11
3.945058593750023e-08	0.000000e+00	0.000000e+00	5.000000e+00	-2.002000e-11
3.949941406250023e-08	0.000000e+00	0.000000e+00	5.000000e+00	-2.002000e-11
3.954824218750023e-08	0.000000e+00	0.000000e+00	5.000000e+00	-2.002000e-11
3.959707031250024e-08	0.000000e+00	0.000000e+00	5.000000e+00	-2.002000e-11
3.964589843750024e-08	0.000000e+00	0.000000e+00	5.000000e+00	-2.002000e-11
3.969472656250024e-08	0.000000e+00	0.000000e+00	5.000000e+00	-2.002000e-11
3.974355468750024e-08	0.000000e+00	0.000000e+00	5.000000e+00	-2.002000e-11
3.979238281250024e-08	0.000000e+00	0.000000e+00	5.000000e+00	-2.002000e-11
3.984121093750024e-08	0.000000e+00	0.000000e+00	5.000000e+00	-2.002000e-11
3.989003906250024e-08	0.000000e+00	0.000000e+00	5.000000e+00	-2.002000e-11
3.993886718750024e-08	0.000000e+00	0.000000e+00	5.000000e+00	-2.002000e-11
3.998769531250025e-08	0.000000e+00	0.000000e+00	5.000000e+00	-2.002000e-11
4.000000000000000e-08	0.000000e+00	0.000000e+00	5.000000e+00	-2.002000e-11
4.000488281250000e-08	0.000000e+00	0.000000e+00	5.000000e+00	-2.002000e-11
4.001464843750000e-08	0.000000e+00	0.000000e+00	5.000000e+00	-2.002000e-11
4.003417968750000e-08	0.000000e+00	0.000000e+00	5.000000e+00	-2.002000e-11
4.007324218750000e-08	0.000000e+00	0.000000e+00	5.000000e+00	-2.002000e-11
4.012207031250000e-08	0.000000e+00	0.000000e+00	5.000000e+00	-2.002000e-11
4.017089843750000e-08	0.000000e+00	0.000000e+00	5.000000e+00	-2.002000e-11
4.021972656250001e-08	0.000000e+00	0.000000e+00	5.000000e+00	-2.002000e-11
4.026855468750001e-08	0.000000e+00	0.000000e+00	5.000000e+00	-2.002000e-11
4.031738281250001e-08	0.000000e+00	0.000000e+00	5.000000e+00	-2.002000e-11
4.036621093750001e-08	0.000000e+00	0.000000e+00	5.000000e+00	-2.002000e-11
4.041503906250001e-08	0.000000e+00	0.000000e+00	5.000000e+00	-2.002000e-11
4.046386718750001e-08	0.000000e+00	0.000000e+00	5.000000e+00	-2.002000e-11
4.051269531250001e-08	0.000000e+00	0.000000e+00	5.000000e+00	-2.002000e-11
4.056152343750001e-08	0.000000e+00	0.000000e+00	5.000000e+00	-2.002000e-11
4.061035156250002e-08	0.000000e+00	0.000000e+00	5.000000e+00	-2.002000e-11
4.065917968750002e-08	0.000000e+00	0.000000e+00	5.000000e+00	-2.002000e-11
4.070800781250002e-08	0.000000e+00	0.000000e+00	5.000000e+00	-2.002000e-11
4.075683593750002e-08	0.000000e+00	0.000000e+00	5.000000e+00	-2.002000e-11
4.080566406250002e-08	0.000000e+00	0.000000e+00	5.000000e+00	-2.002000e-11
4.085449218750002e-08	0.000000e+00	0.000000e+00	5.000000e+00	-2.002000e-11
4.090332031250002e-08	0.000000e+00	0.000000e+00	5.000000e+00	-2.002000e-11
4.095214843750002e-08	0.000000e+00	0.000000e+00	5.000000e+00	-2.002000e-11
4.100097656250003e-08	0.000000e+00	0.000000e+00	5.000000e+00	-2.002000e-11
4.104980468750003e-08	0.000000e+00	0.000000e+00	5.000000e+00	-2.002000e-11
4.109863281250003e-08	0.000000e+00	0.000000e+00	5.000000e+00	-2.002000e-11
4.114746093750003e-08	0.000000e+00	0.000000e+00	5.000000e+00	-2.002000e-11
4.119628906250003e-08	0.000000e+00	0.000000e+00	5.000000e+00	-2.002000e-11
4.124511718750003e-08	0.000000e+00	0.000000e+00	5.000000e+00	-2.002000e-11
4.129394531250003e-08	0.000000e+00	0.000000e+00	5.000000e+00	-2.002000e-11
4.134277343750003e-08	0.000000e+00	0.000000e+00	5.000000e+00	-2.002000e-11
4.139160156250003e-08	0.000000e+00	0.000000e+00	5.000000e+00	-2.002000e-11
4.144042968750004e-08	0.000000e+00	0.000000e+00	5.000000e+00	-2.002000e-11
4.148925781250004e-08	0.000000e+00	0.000000e+00	5.000000e+00	-2.002000e-11
4.153808593750004e-08	0.000000e+00	0.000000e+00	5.000000e+00	-2.002000e-11
4.158691406250004e-08	0.000000e+00	0.000000e+00	5.000000e+00	-2.002000e-11
4.163574218750004e-08	0.000000e+00	0.000000e+00	5.000000e+00	-2.002000e-11
4.168457031250004e-08	0.000000e+00	0.000000e+00	5.000000e+00	-2.002000e-11
4.173339843750004e-08	0.000000e+00	0.000000e+00	5.000000e+00	-2.002000e-11
4.178222656250004e-08	0.000000e+00	0.000000e+00	5.000000e+00	-2.002000e-11
4.183105468750005e-08	0.000000e+00	0.000000e+00	5.000000e+00	-2.002000e-11
4.187988281250005e-08	0.000000e+00	0.000000e+00	5.000000e+00	-2.002000e-11
4.192871093750005e-08	0.000000e+00	0.000000e+00	5.000000e+00	-2.002000e-11
4.197753906250005e-08	0.000000e+00	0.000000e+00	5.000000e+00	-2.002000e-11
4.200000000000001e-08	0.000000e+00	4.547474e-13	5.000000e+00	-2.002000e-11
4.204882812500001e-08	0.000000e+00	2.441406e+00	1.191493e+00	-4.399135e-05
4.209765625000001e-08	0.000000e+00	4.882812e+00	1.374510e-03	-1.342112e-07
4.210000000000000e-08	0.000000e+00	5.000000e+00	1.495474e-08	-1.001000e-11
4.213749999999987e-08	0.000000e+00	5.000000e+00	1.000895e-07	-1.001000e-11
4.218632812499987e-08	0.000000e+00	5.000000e+00	1.001000e-07	-1.001000e-11
4.223515624999987e-08	0.000000e+00	5.000000e+00	1.001000e-07	-1.001000e-11
4.228398437499987e-08	0.000000e+00	5.000000e+00	1.001000e-07	-1.001000e-11
4.233281249999988e-08	0.000000e+00	5.000000e+00	1.001000e-07	-1.001000e-11
4.238164062499988e-08	0.000000e+00	5.000000e+00	1.001000e-07	-1.001000e-11
4.243046874999988e-08	0.000000e+00	5.000000e+00	1.001000e-07	-1.001000e-11
4.247929687499988e-08	0.000000e+00	5.000000e+00	1.001000e-07	-1.001000e-11
4.252812499999988e-08	0.000000e+00	5.000000e+00	1.001000e-07	-1.001000e-11
4.257695312499988e-08	0.000000e+00	5.000000e+00	1.001000e-07	-1.001000e-11
4.262578124999988e-08	0.000000e+00	5.000000e+00	1.001000e-07	-1.001000e-11
4.267460937499988e-08	0.000000e+00	5.000000e+00	1.001000e-07	-1.001000e-11
4.272343749999988e-08	0.000000e+00	5.000000e+00	1.001000e-07	-1.001000e-11
4.277226562499989e-08	0.000000e+00	5.000000e+00	1.001000e-07	-1.001000e-11
4.282109374999989e-08	0.000000e+00	5.000000e+00	1.001000e-07	-1.001000e-11
4.286992187499989e-08	0.000000e+00	5.000000e+00	1.001000e-07	-1.001000e-11
4.291874999999989e-08	0.000000e+00	5.000000e+00	1.001000e-07	-1.001000e-11
4.296757812499989e-08	0.000000e+00	5.000000e+00	1.001000e-07	-1.001000e-11
4.301640624999989e-08	0.000000e+00	5.000000e+00	1.001000e-07	-1.001000e-11
4.306523437499989e-08	0.000000e+00	5.000000e+00	1.001000e-07	-1.001000e-11
4.311406249999989e-08	0.000000e+00	5.000000e+00	1.001000e-07	-1.001000e-11
4.316289062499990e-08	0.000000e+00	5.000000e+00	1.001000e-07	-1.001000e-11
4.321171874999990e-08	0.000000e+00	5.000000e+00	1.001000e-07	-1.001000e-11
4.326054687499990e-08	0.000000e+00	5.000000e+00	1.001000e-07	-1.001000e-11
4.330937499999990e-08	0.000000e+00	5.000000e+00	1.001000e-07	-1.001000e-11
4.335820312499990e-08	0.000000e+00	5.000000e+00	1.001000e-07	-1.001000e-11
4.340703124999990e-08	0.000000e+00	5.000000e+00	1.001000e-07	-1.001000e-11
4.345585937499990e-08	0.000000e+00	5.000000e+00	1.001000e-07	-1.001000e-11
4.350468749999990e-08	0.000000e+00	5.000000e+00	1.001000e-07	-1.001000e-11
4.355351562499990e-08	0.000000e+00	5.000000e+00	1.001000e-07	-1.001000e-11
4.360234374999991e-08	0.000000e+00	5.000000e+00	1.001000e-07	-1.001000e-11
4.365117187499991e-08	0.000000e+00	5.000000e+00	1.001000e-07	-1.001000e-11
4.369999999999991e-08	0.000000e+00	5.000000e+00	1.001000e-07	-1.001000e-11
4.374882812499991e-08	0.000000e+00	5.000000e+00	1.001000e-07	-1.001000e-11
4.379765624999991e-08	0.000000e+00	5.000000e+00	1.001000e-07	-1.001000e-11
4.384648437499991e-08	0.000000e+00	5.000000e+00	1.001000e-07	-1.001000e-11
4.389531249999991e-08	0.000000e+00	5.000000e+00	1.001000e-07	-1.001000e-11
4.394414062499991e-08	0.000000e+00	5.000000e+00	1.001000e-07	-1.001000e-11
4.399296874999992e-08	0.000000e+00	5.000000e+00	1.001000e-07	-1.001000e-11
4.404179687499992e-08	0.000000e+00	5.000000e+00	1.001000e-07	-1.001000e-11
4.409062499999992e-08	0.000000e+00	5.000000e+00	1.001000e-07	-1.001000e-11
4.413945312499992e-08	0.000000e+00	5.000000e+00	1.001000e-07	-1.001000e-11
4.418828124999992e-08	0.000000e+00	5.000000e+00	1.001000e-07	-1.001000e-11
4.423710937499992e-08	0.000000e+00	5.000000e+00	1.001000e-07	-1.001000e-11
4.428593749999992e-08	0.000000e+00	5.000000e+00	1.001000e-07	-1.001000e-11
4.433476562499992e-08	0.000000e+00	5.000000e+00	1.001000e-07	-1.001000e-11
4.438359374999992e-08	0.000000e+00	5.000000e+00	1.001000e-07	-1.001000e-11
4.443242187499993e-08	0.000000e+00	5.000000e+00	1.001000e-07	-1.001000e-11
4.448124999999993e-08	0.000000e+00	5.000000e+00	1.001000e-07	-1.001000e-11
4.453007812499993e-08	0.000000e+00	5.000000e+00	1.001000e-07	-1.001000e-11
4.457890624999993e-08	0.000000e+00	5.000000e+00	1.001000e-07	-1.001000e-11
4.462773437499993e-08	0.000000e+00	5.000000e+00	1.001000e-07	-1.001000e-11
4.467656249999993e-08	0.000000e+00	5.000000e+00	1.001000e-07	-1.001000e-11
4.472539062499993e-08	0.000000e+00	5.000000e+00	1.001000e-07	-1.001000e-11
4.477421874999993e-08	0.000000e+00	5.000000e+00	1.001000e-07	-1.001000e-11
4.482304687499994e-08	0.000000e+00	5.000000e+00	1.001000e-07	-1.001000e-11
4.487187499999994e-08	0.000000e+00	5.000000e+00	1.001000e-07	-1.001000e-11
4.492070312499994e-08	0.000000e+00	5.000000e+00	1.001000e-07	-1.001000e-11
4.496953124999994e-08	0.000000e+00	5.000000e+00	1.001000e-07	-1.001000e-11
4.501835937499994e-08	0.000000e+00	5.000000e+00	1.001000e-07	-1.001000e-11
4.506718749999994e-08	0.000000e+00	5.000000e+00	1.001000e-07	-1.001000e-11
4.511601562499994e-08	0.000000e+00	5.000000e+00	1.001000e-07	-1.001000e-11
4.516484374999994e-08	0.000000e+00	5.000000e+00	1.001000e-07	-1.001000e-11
4.521367187499995e-08	0.000000e+00	5.000000e+00	1.001000e-07	-1.001000e-11
4.526249999999995e-08	0.000000e+00	5.000000e+00	1.001000e-07	-1.001000e-11
4.531132812499995e-08	0.000000e+00	5.000000e+00	1.001000e-07	-1.001000e-11
4.536015624999995e-08	0.000000e+00	5.000000e+00	1.001000e-07	-1.001000e-11
4.540898437499995e-08	0.000000e+00	5.000000e+00	1.001000e-07	-1.001000e-11
4.545781249999995e-08	0.000000e+00	5.000000e+00	1.001000e-07	-1.001000e-11
4.550664062499995e-08	0.000000e+00	5.000000e+00	1.001000e-07	-1.001000e-11
4.555546874999995e-08	0.000000e+00	5.000000e+00	1.001000e-07	-1.001000e-11
4.560429687499995e-08	0.000000e+00	5.000000e+00	1.001000e-07	-1.001000e-11
4.565312499999996e-08	0.000000e+00	5.000000e+00	1.001000e-07	-1.001000e-11
4.570195312499996e-08	0.000000e+00	5.000000e+00	1.001000e-07	-1.001000e-11
4.575078124999996e-08	0.000000e+00	5.000000e+00	1.001000e-07	-1.001000e-11
4.579960937499996e-08	0.000000e+00	5.000000e+00	1.001000e-07	-1.001000e-11
4.584843749999996e-08	0.000000e+00	5.000000e+00	1.001000e-07	-1.001000e-11
4.589726562499996e-08	0.000000e+00	5.000000e+00	1.001000e-07	-1.001000e-11
4.594609374999996e-08	0.000000e+00	5.000000e+00	1.001000e-07	-1.001000e-11
4.599492187499996e-08	0.000000e+00	5.000000e+00	1.001000e-07	-1.001000e-11
4.604374999999997e-08	0.000000e+00	5.000000e+00	1.001000e-07	-1.001000e-11
4.609257812499997e-08	0.000000e+00	5.000000e+00	1.001000e-07	-1.001000e-11
4.614140624999997e-08	0.000000e+00	5.000000e+00	1.001000e-07	-1.001000e-11
4.619023437499997e-08	0.000000e+00	5.000000e+00	1.001000e-07	-1.001000e-11
4.623906249999997e-08	0.000000e+00	5.000000e+00	1.001000e-07	-1.001000e-11
4.628789062499997e-08	0.000000e+00	5.000000e+00	1.001000e-07	-1.001000e-11
4.633671874999997e-08	0.000000e+00	5.000000e+00	1.001000e-07	-1.001000e-11
4.638554687499997e-08	0.000000e+00	5.000000e+00	1.001000e-07	-1.001000e-11
4.643437499999997e-08	0.000000e+00	5.000000e+00	1.001000e-07	-1.001000e-11
4.648320312499998e-08	0.000000e+00	5.000000e+00	1.001000e-07	-1.001000e-11
4.653203124999998e-08	0.000000e+00	5.000000e+00	1.001000e-07	-1.001000e-11
4.658085937499998e-08	0.000000e+00	5.000000e+00	1.001000e-07	-1.001000e-11
4.662968749999998e-08	0.000000e+00	5.000000e+00	1.001000e-07	-1.001000e-11
4.667851562499998e-08	0.000000e+00	5.000000e+00	1.001000e-07	-1.001000e-11
4.672734374999998e-08	0.000000e+00	5.000000e+00	1.001000e-07	-1.001000e-11
4.677617187499998e-08	0.000000e+00	5.000000e+00	1.001000e-07	-1.001000e-11
4.682499999999998e-08	0.000000e+00	5.000000e+00	1.001000e-07	-1.001000e-11
4.687382812499999e-08	0.000000e+00	5.000000e+00	1.001000e-07	-1.001000e-11
4.692265624999999e-08	0.000000e+00	5.000000e+00	1.001000e-07	-1.001000e-11
4.697148437499999e-08	0.000000e+00	5.000000e+00	1.001000e-07	-1.001000e-11
4.702031249999999e-08	0.000000e+00	5.000000e+00	1.001000e-07	-1.001000e-11
4.706914062499999e-08	0.000000e+00	5.000000e+00	1.001000e-07	-1.001000e-11
4.710000000000000e-08	0.000000e+00	5.000000e+00	1.001000e-07	-1.001000e-11
4.714882812500000e-08	0.000000e+00	2.558594e+00	9.839676e-01	-4.066960e-05
4.719765625000000e-08	0.000000e+00	1.171875e-01	4.997256e+00	-1.373491e-07
4.720000000000000e-08	0.000000e+00	0.000000e+00	5.003476e+00	-2.002000e-11
4.723749999999998e-08	0.000000e+00	0.000000e+00	5.000050e+00	-2.002000e-11
4.728632812499998e-08	0.000000e+00	0.000000e+00	5.000001e+00	-2.002000e-11
4.733515624999998e-08	0.000000e+00	0.000000e+00	5.000000e+00	-2.002000e-11
4.738398437499998e-08	0.000000e+00	0.000000e+00	5.000000e+00	-2.002000e-11
4.743281249999998e-08	0.000000e+00	0.000000e+00	5.000000e+00	-2.002000e-11
4.748164062499998e-08	0.000000e+00	0.000000e+00	5.000000e+00	-2.002000e-11
4.753046874999998e-08	0.000000e+00	0.000000e+00	5.000000e+00	-2.002000e-11
4.757929687499998e-08	0.000000e+00	0.000000e+00	5.000000e+00	-2.002000e-11
4.762812499999998e-08	0.000000e+00	0.000000e+00	5.000000e+00	-2.002000e-11
4.767695312499999e-08	0.000000e+00	0.000000e+00	5.000000e+00	-2.002000e-11
4.772578124999999e-08	0.000000e+00	0.000000e+00	5.000000e+00	-2.002000e-11
4.777460937499999e-08	0.000000e+00	0.000000e+00	5.000000e+00	-2.002000e-11
4.782343749999999e-08	0.000000e+00	0.000000e+00	5.000000e+00	-2.002000e-11
4.787226562499999e-08	0.000000e+00	0.000000e+00	5.000000e+00	-2.002000e-11
4.792109374999999e-08	0.000000e+00	0.000000e+00	5.000000e+00	-2.002000e-11
4.796992187499999e-08	0.000000e+00	0.000000e+00	5.000000e+00	-2.002000e-11
4.801874999999999e-08	0.000000e+00	0.000000e+00	5.000000e+00	-2.002000e-11
4.806757812500000e-08	0.000000e+00	0.000000e+00	5.000000e+00	-2.002000e-11
4.811640625000000e-08	0.000000e+00	0.000000e+00	5.000000e+00	-2.002000e-11
4.816523437500000e-08	0.000000e+00	0.000000e+00	5.000000e+00	-2.002000e-11
4.821406250000000e-08	0.000000e+00	0.000000e+00	5.000000e+00	-2.002000e-11
4.826289062500000e-08	0.000000e+00	0.000000e+00	5.000000e+00	-2.002000e-11
4.831171875000000e-08	0.000000e+00	0.000000e+00	5.000000e+00	-2.002000e-11
4.836054687500000e-08	0.000000e+00	0.000000e+00	5.000000e+00	-2.002000e-11
4.840937500000000e-08	0.000000e+00	0.000000e+00	5.000000e+00	-2.002000e-11
4.845820312500001e-08	0.000000e+00	0.000000e+00	5.000000e+00	-2.002000e-11
4.850703125000001e-08	0.000000e+00	0.000000e+00	5.000000e+00	-2.002000e-11
4.855585937500001e-08	0.000000e+00	0.000000e+00	5.000000e+00	-2.002000e-11
4.860468750000001e-08	0.000000e+00	0.000000e+00	5.000000e+00	-2.002000e-11
4.865351562500001e-08	0.000000e+00	0.000000e+00	5.000000e+00	-2.002000e-11
4.870234375000001e-08	0.000000e+00	0.000000e+00	5.000000e+00	-2.002000e-11
4.875117187500001e-08	0.000000e+00	0.000000e+00	5.000000e+00	-2.002000e-11
4.880000000000001e-08	0.000000e+00	0.000000e+00	5.000000e+00	-2.002000e-11
4.884882812500001e-08	0.000000e+00	0.000000e+00	5.000000e+00	-2.002000e-11
4.889765625000002e-08	0.000000e+00	0.000000e+00	5.000000e+00	-2.002000e-11
4.894648437500002e-08	0.000000e+00	0.000000e+00	5.000000e+00	-2.002000e-11
4.899531250000002e-08	0.000000e+00	0.000000e+00	5.000000e+00	-2.002000e-11
4.904414062500002e-08	0.000000e+00	0.000000e+00	5.000000e+00	-2.002000e-11
4.909296875000002e-08	0.000000e+00	0.000000e+00	5.000000e+00	-2.002000e-11
4.914179687500002e-08	0.000000e+00	0.000000e+00	5.000000e+00	-2.002000e-11
4.919062500000002e-08	0.000000e+00	0.000000e+00	5.000000e+00	-2.002000e-11
4.923945312500002e-08	0.000000e+00	0.000000e+00	5.000000e+00	-2.002000e-11
4.928828125000003e-08	0.000000e+00	0.000000e+00	5.000000e+00	-2.002000e-11
4.933710937500003e-08	0.000000e+00	0.000000e+00	5.000000e+00	-2.002000e-11
4.938593750000003e-08	0.000000e+00	0.000000e+00	5.000000e+00	-2.002000e-11
4.943476562500003e-08	0.000000e+00	0.000000e+00	5.000000e+00	-2.002000e-11
4.948359375000003e-08	0.000000e+00	0.000000e+00	5.000000e+00	-2.002000e-11
4.953242187500003e-08	0.000000e+00	0.000000e+00	5.000000e+00	-2.002000e-11
4.958125000000003e-08	0.000000e+00	0.000000e+00	5.000000e+00	-2.002000e-11
4.963007812500003e-08	0.000000e+00	0.000000e+00	5.000000e+00	-2.002000e-11
4.967890625000003e-08	0.000000e+00	0.000000e+00	5.000000e+00	-2.002000e-11
4.972773437500004e-08	0.000000e+00	0.000000e+00	5.000000e+00	-2.002000e-11
4.977656250000004e-08	0.000000e+00	0.000000e+00	5.000000e+00	-2.002000e-11
4.982539062500004e-08	0.000000e+00	0.000000e+00	5.000000e+00	-2.002000e-11
4.987421875000004e-08	0.000000e+00	0.000000e+00	5.000000e+00	-2.002000e-11
4.992304687500004e-08	0.000000e+00	0.000000e+00	5.000000e+00	-2.002000e-11
4.997187500000004e-08	0.000000e+00	0.000000e+00	5.000000e+00	-2.002000e-11
5.000000000000000e-08	0.000000e+00	0.000000e+00	5.000000e+00	-2.002000e-11
