V2	V(out)	V(n002)
0.000000000000000e+00	5.000000e+00	0.000000e+00
1.000000000000000e-02	4.999990e+00	1.000000e-02
2.000000000000000e-02	4.999959e+00	2.000000e-02
3.000000000000000e-02	4.999909e+00	3.000000e-02
4.000000000000000e-02	4.999838e+00	4.000000e-02
5.000000000000000e-02	4.999747e+00	5.000000e-02
6.000000000000000e-02	4.999635e+00	6.000000e-02
7.000000000000001e-02	4.999503e+00	7.000000e-02
8.000000000000000e-02	4.999349e+00	8.000000e-02
9.000000000000000e-02	4.999175e+00	9.000000e-02
1.000000000000000e-01	4.998979e+00	1.000000e-01
1.100000000000000e-01	4.998763e+00	1.100000e-01
1.200000000000000e-01	4.998524e+00	1.200000e-01
1.300000000000000e-01	4.998264e+00	1.300000e-01
1.400000000000000e-01	4.997983e+00	1.400000e-01
1.500000000000000e-01	4.997680e+00	1.500000e-01
1.600000000000000e-01	4.997355e+00	1.600000e-01
1.700000000000000e-01	4.997007e+00	1.700000e-01
1.800000000000000e-01	4.996638e+00	1.800000e-01
1.900000000000000e-01	4.996246e+00	1.900000e-01
2.000000000000000e-01	4.995831e+00	2.000000e-01
2.100000000000000e-01	4.995394e+00	2.100000e-01
2.200000000000000e-01	4.994935e+00	2.200000e-01
2.300000000000000e-01	4.994452e+00	2.300000e-01
2.400000000000000e-01	4.993946e+00	2.400000e-01
2.500000000000000e-01	4.993416e+00	2.500000e-01
2.600000000000000e-01	4.992864e+00	2.600000e-01
2.700000000000000e-01	4.992287e+00	2.700000e-01
2.800000000000000e-01	4.991687e+00	2.800000e-01
2.900000000000000e-01	4.991064e+00	2.900000e-01
3.000000000000000e-01	4.990416e+00	3.000000e-01
3.100000000000000e-01	4.989743e+00	3.100000e-01
3.200000000000000e-01	4.989047e+00	3.200000e-01
3.300000000000000e-01	4.988326e+00	3.300000e-01
3.400000000000000e-01	4.987580e+00	3.400000e-01
3.500000000000000e-01	4.986809e+00	3.500000e-01
3.600000000000000e-01	4.986013e+00	3.600000e-01
3.700000000000000e-01	4.985192e+00	3.700000e-01
3.800000000000000e-01	4.984345e+00	3.800000e-01
3.900000000000000e-01	4.983473e+00	3.900000e-01
4.000000000000000e-01	4.982575e+00	4.000000e-01
4.100000000000000e-01	4.981652e+00	4.100000e-01
4.200000000000000e-01	4.980701e+00	4.200000e-01
4.300000000000000e-01	4.979725e+00	4.300000e-01
4.400000000000000e-01	4.978722e+00	4.400000e-01
4.500000000000000e-01	4.977692e+00	4.500000e-01
4.600000000000000e-01	4.976636e+00	4.600000e-01
4.700000000000000e-01	4.975552e+00	4.700000e-01
4.800000000000000e-01	4.974441e+00	4.800000e-01
4.900000000000000e-01	4.973302e+00	4.900000e-01
5.000000000000000e-01	4.972136e+00	5.000000e-01
5.100000000000000e-01	4.970942e+00	5.100000e-01
5.200000000000000e-01	4.969719e+00	5.200000e-01
5.300000000000000e-01	4.968468e+00	5.300000e-01
5.400000000000000e-01	4.967188e+00	5.400000e-01
5.500000000000000e-01	4.965880e+00	5.500000e-01
5.600000000000001e-01	4.964543e+00	5.600000e-01
5.700000000000001e-01	4.963176e+00	5.700000e-01
5.800000000000000e-01	4.961780e+00	5.800000e-01
5.900000000000000e-01	4.960354e+00	5.900000e-01
6.000000000000000e-01	4.958899e+00	6.000000e-01
6.100000000000000e-01	4.957413e+00	6.100000e-01
6.200000000000000e-01	4.955896e+00	6.200000e-01
6.300000000000000e-01	4.954350e+00	6.300000e-01
6.400000000000000e-01	4.952772e+00	6.400000e-01
6.500000000000000e-01	4.951162e+00	6.500000e-01
6.600000000000000e-01	4.949522e+00	6.600000e-01
6.700000000000000e-01	4.947850e+00	6.700000e-01
6.800000000000000e-01	4.946146e+00	6.800000e-01
6.900000000000001e-01	4.944409e+00	6.900000e-01
7.000000000000001e-01	4.942640e+00	7.000000e-01
7.100000000000000e-01	4.940839e+00	7.100000e-01
7.200000000000000e-01	4.939004e+00	7.200000e-01
7.300000000000000e-01	4.937137e+00	7.300000e-01
7.400000000000000e-01	4.935235e+00	7.400000e-01
7.500000000000000e-01	4.933300e+00	7.500000e-01
7.600000000000000e-01	4.931331e+00	7.600000e-01
7.700000000000000e-01	4.929327e+00	7.700000e-01
7.800000000000000e-01	4.927288e+00	7.800000e-01
7.900000000000000e-01	4.925214e+00	7.900000e-01
8.000000000000000e-01	4.923105e+00	8.000000e-01
8.100000000000001e-01	4.920961e+00	8.100000e-01
8.200000000000001e-01	4.918780e+00	8.200000e-01
8.300000000000001e-01	4.916563e+00	8.300000e-01
8.400000000000000e-01	4.914310e+00	8.400000e-01
8.500000000000000e-01	4.912019e+00	8.500000e-01
8.600000000000000e-01	4.909691e+00	8.600000e-01
8.700000000000000e-01	4.907326e+00	8.700000e-01
8.800000000000000e-01	4.904922e+00	8.800000e-01
8.900000000000000e-01	4.902480e+00	8.900000e-01
9.000000000000000e-01	4.900000e+00	9.000000e-01
9.100000000000000e-01	4.897480e+00	9.100000e-01
9.200000000000000e-01	4.894921e+00	9.200000e-01
9.300000000000000e-01	4.892323e+00	9.300000e-01
9.400000000000001e-01	4.889683e+00	9.400000e-01
9.500000000000001e-01	4.887004e+00	9.500000e-01
9.600000000000000e-01	4.884283e+00	9.600000e-01
9.700000000000000e-01	4.881521e+00	9.700000e-01
9.800000000000000e-01	4.878717e+00	9.800000e-01
9.900000000000000e-01	4.875872e+00	9.900000e-01
1.000000000000000e+00	4.872983e+00	1.000000e+00
1.010000000000000e+00	4.870051e+00	1.010000e+00
1.020000000000000e+00	4.867076e+00	1.020000e+00
1.030000000000000e+00	4.864058e+00	1.030000e+00
1.040000000000000e+00	4.860994e+00	1.040000e+00
1.050000000000000e+00	4.857886e+00	1.050000e+00
1.060000000000000e+00	4.854733e+00	1.060000e+00
1.070000000000000e+00	4.851534e+00	1.070000e+00
1.080000000000000e+00	4.848289e+00	1.080000e+00
1.090000000000000e+00	4.844996e+00	1.090000e+00
1.100000000000000e+00	4.841657e+00	1.100000e+00
1.110000000000000e+00	4.838270e+00	1.110000e+00
1.120000000000000e+00	4.834835e+00	1.120000e+00
1.130000000000000e+00	4.831351e+00	1.130000e+00
1.140000000000000e+00	4.827817e+00	1.140000e+00
1.150000000000000e+00	4.824234e+00	1.150000e+00
1.160000000000000e+00	4.820601e+00	1.160000e+00
1.170000000000000e+00	4.816916e+00	1.170000e+00
1.180000000000000e+00	4.813180e+00	1.180000e+00
1.190000000000000e+00	4.809392e+00	1.190000e+00
1.200000000000000e+00	4.805551e+00	1.200000e+00
1.210000000000000e+00	4.801657e+00	1.210000e+00
1.220000000000000e+00	4.797709e+00	1.220000e+00
1.230000000000000e+00	4.793706e+00	1.230000e+00
1.240000000000000e+00	4.789648e+00	1.240000e+00
1.250000000000000e+00	4.785534e+00	1.250000e+00
1.260000000000000e+00	4.781363e+00	1.260000e+00
1.270000000000000e+00	4.777135e+00	1.270000e+00
1.280000000000000e+00	4.772850e+00	1.280000e+00
1.290000000000000e+00	4.768505e+00	1.290000e+00
1.300000000000000e+00	4.764102e+00	1.300000e+00
1.310000000000000e+00	4.759637e+00	1.310000e+00
1.320000000000000e+00	4.755113e+00	1.320000e+00
1.330000000000000e+00	4.750526e+00	1.330000e+00
1.340000000000000e+00	4.745877e+00	1.340000e+00
1.350000000000000e+00	4.741165e+00	1.350000e+00
1.360000000000000e+00	4.736388e+00	1.360000e+00
1.370000000000000e+00	4.731547e+00	1.370000e+00
1.380000000000000e+00	4.726640e+00	1.380000e+00
1.390000000000000e+00	4.721666e+00	1.390000e+00
1.400000000000000e+00	4.716625e+00	1.400000e+00
1.410000000000000e+00	4.711514e+00	1.410000e+00
1.420000000000000e+00	4.706335e+00	1.420000e+00
1.430000000000000e+00	4.701085e+00	1.430000e+00
1.440000000000000e+00	4.695764e+00	1.440000e+00
1.450000000000000e+00	4.690370e+00	1.450000e+00
1.460000000000000e+00	4.684903e+00	1.460000e+00
1.470000000000000e+00	4.679361e+00	1.470000e+00
1.480000000000000e+00	4.673744e+00	1.480000e+00
1.490000000000000e+00	4.668049e+00	1.490000e+00
1.500000000000000e+00	4.662277e+00	1.500000e+00
1.510000000000000e+00	4.656426e+00	1.510000e+00
1.520000000000000e+00	4.650495e+00	1.520000e+00
1.530000000000000e+00	4.644482e+00	1.530000e+00
1.540000000000000e+00	4.638386e+00	1.540000e+00
1.550000000000000e+00	4.632207e+00	1.550000e+00
1.560000000000000e+00	4.625942e+00	1.560000e+00
1.570000000000000e+00	4.619590e+00	1.570000e+00
1.580000000000000e+00	4.613150e+00	1.580000e+00
1.590000000000000e+00	4.606620e+00	1.590000e+00
1.600000000000000e+00	4.600000e+00	1.600000e+00
1.610000000000000e+00	4.593287e+00	1.610000e+00
1.620000000000000e+00	4.586479e+00	1.620000e+00
1.630000000000000e+00	4.579576e+00	1.630000e+00
1.640000000000000e+00	4.572576e+00	1.640000e+00
1.650000000000000e+00	4.565476e+00	1.650000e+00
1.660000000000000e+00	4.558275e+00	1.660000e+00
1.670000000000000e+00	4.550972e+00	1.670000e+00
1.680000000000000e+00	4.543564e+00	1.680000e+00
1.690000000000000e+00	4.536050e+00	1.690000e+00
1.700000000000000e+00	4.528427e+00	1.700000e+00
1.710000000000000e+00	4.520694e+00	1.710000e+00
1.720000000000000e+00	4.512848e+00	1.720000e+00
1.730000000000000e+00	4.504887e+00	1.730000e+00
1.740000000000000e+00	4.496809e+00	1.740000e+00
1.750000000000000e+00	4.488613e+00	1.750000e+00
1.760000000000000e+00	4.480294e+00	1.760000e+00
1.770000000000000e+00	4.471851e+00	1.770000e+00
1.780000000000000e+00	4.463281e+00	1.780000e+00
1.790000000000000e+00	4.454582e+00	1.790000e+00
1.800000000000000e+00	4.445751e+00	1.800000e+00
1.810000000000000e+00	4.436785e+00	1.810000e+00
1.820000000000000e+00	4.427681e+00	1.820000e+00
1.830000000000000e+00	4.418436e+00	1.830000e+00
1.840000000000000e+00	4.409046e+00	1.840000e+00
1.850000000000000e+00	4.399509e+00	1.850000e+00
1.860000000000000e+00	4.389822e+00	1.860000e+00
1.870000000000000e+00	4.379980e+00	1.870000e+00
1.880000000000000e+00	4.369980e+00	1.880000e+00
1.890000000000000e+00	4.359818e+00	1.890000e+00
1.900000000000000e+00	4.349490e+00	1.900000e+00
1.910000000000000e+00	4.338991e+00	1.910000e+00
1.920000000000000e+00	4.328319e+00	1.920000e+00
1.930000000000000e+00	4.317467e+00	1.930000e+00
1.940000000000000e+00	4.306432e+00	1.940000e+00
1.950000000000000e+00	4.295208e+00	1.950000e+00
1.960000000000000e+00	4.283790e+00	1.960000e+00
1.970000000000000e+00	4.272172e+00	1.970000e+00
1.980000000000000e+00	4.260351e+00	1.980000e+00
1.990000000000000e+00	4.248318e+00	1.990000e+00
2.000000000000000e+00	4.236068e+00	2.000000e+00
2.010000000000000e+00	4.223594e+00	2.010000e+00
2.020000000000000e+00	4.210890e+00	2.020000e+00
2.030000000000000e+00	4.197948e+00	2.030000e+00
2.040000000000000e+00	4.184761e+00	2.040000e+00
2.050000000000000e+00	4.171320e+00	2.050000e+00
2.060000000000000e+00	4.157618e+00	2.060000e+00
2.070000000000000e+00	4.143644e+00	2.070000e+00
2.080000000000000e+00	4.129390e+00	2.080000e+00
2.090000000000000e+00	4.114845e+00	2.090000e+00
2.100000000000000e+00	4.100000e+00	2.100000e+00
2.110000000000000e+00	4.084842e+00	2.110000e+00
2.120000000000000e+00	4.069359e+00	2.120000e+00
2.130000000000000e+00	4.053538e+00	2.130000e+00
2.140000000000000e+00	4.037366e+00	2.140000e+00
2.150000000000000e+00	4.020829e+00	2.150000e+00
2.160000000000000e+00	4.003909e+00	2.160000e+00
2.170000000000000e+00	3.986590e+00	2.170000e+00
2.180000000000000e+00	3.968854e+00	2.180000e+00
2.190000000000000e+00	3.950681e+00	2.190000e+00
2.200000000000000e+00	3.932051e+00	2.200000e+00
2.210000000000000e+00	3.912939e+00	2.210000e+00
2.220000000000000e+00	3.893320e+00	2.220000e+00
2.230000000000000e+00	3.873168e+00	2.230000e+00
2.240000000000000e+00	3.852451e+00	2.240000e+00
2.250000000000000e+00	3.831139e+00	2.250000e+00
2.260000000000000e+00	3.809193e+00	2.260000e+00
2.270000000000000e+00	3.786575e+00	2.270000e+00
2.280000000000000e+00	3.763240e+00	2.280000e+00
2.290000000000000e+00	3.739138e+00	2.290000e+00
2.300000000000000e+00	3.714214e+00	2.300000e+00
2.310000000000000e+00	3.688405e+00	2.310000e+00
2.320000000000000e+00	3.661641e+00	2.320000e+00
2.330000000000000e+00	3.634200e+00	2.330000e+00
2.340000000000000e+00	3.606468e+00	2.340000e+00
2.350000000000000e+00	3.578415e+00	2.350000e+00
2.360000000000000e+00	3.550006e+00	2.360000e+00
2.370000000000000e+00	3.521207e+00	2.370000e+00
2.380000000000000e+00	3.491981e+00	2.380000e+00
2.390000000000000e+00	3.462289e+00	2.390000e+00
2.400000000000000e+00	3.432091e+00	2.400000e+00
2.410000000000000e+00	3.401343e+00	2.410000e+00
2.420000000000000e+00	3.369995e+00	2.420000e+00
2.430000000000000e+00	3.337998e+00	2.430000e+00
2.440000000000000e+00	3.305293e+00	2.440000e+00
2.450000000000000e+00	3.271819e+00	2.450000e+00
2.460000000000000e+00	3.237507e+00	2.460000e+00
2.470000000000000e+00	3.202278e+00	2.470000e+00
2.480000000000000e+00	3.166047e+00	2.480000e+00
2.490000000000000e+00	3.128716e+00	2.490000e+00
2.500000000000000e+00	3.090170e+00	2.500000e+00
2.510000000000000e+00	3.050282e+00	2.510000e+00
2.520000000000000e+00	3.008900e+00	2.520000e+00
2.530000000000000e+00	2.965847e+00	2.530000e+00
2.540000000000000e+00	2.920909e+00	2.540000e+00
2.550000000000000e+00	2.873830e+00	2.550000e+00
2.560000000000000e+00	2.824295e+00	2.560000e+00
2.570000000000000e+00	2.771906e+00	2.570000e+00
2.580000000000000e+00	2.716156e+00	2.580000e+00
2.590000000000000e+00	2.656372e+00	2.590000e+00
2.600000000000000e+00	2.591673e+00	2.600000e+00
2.610000000000000e+00	2.527490e+00	2.610000e+00
2.620000000000000e+00	2.467345e+00	2.620000e+00
2.630000000000000e+00	2.410705e+00	2.630000e+00
2.640000000000000e+00	2.357124e+00	2.640000e+00
2.650000000000000e+00	2.306246e+00	2.650000e+00
2.660000000000000e+00	2.257776e+00	2.660000e+00
2.670000000000000e+00	2.211470e+00	2.670000e+00
2.680000000000000e+00	2.167119e+00	2.680000e+00
2.690000000000000e+00	2.124547e+00	2.690000e+00
2.700000000000000e+00	2.083601e+00	2.700000e+00
2.710000000000000e+00	2.044150e+00	2.710000e+00
2.720000000000000e+00	2.006077e+00	2.720000e+00
2.730000000000000e+00	1.969282e+00	2.730000e+00
2.740000000000000e+00	1.933674e+00	2.740000e+00
2.750000000000000e+00	1.899174e+00	2.750000e+00
2.760000000000000e+00	1.865709e+00	2.760000e+00
2.770000000000000e+00	1.833215e+00	2.770000e+00
2.780000000000000e+00	1.801635e+00	2.780000e+00
2.790000000000000e+00	1.770916e+00	2.790000e+00
2.800000000000000e+00	1.741009e+00	2.800000e+00
2.810000000000000e+00	1.711872e+00	2.810000e+00
2.820000000000000e+00	1.683465e+00	2.820000e+00
2.830000000000000e+00	1.655751e+00	2.830000e+00
2.840000000000000e+00	1.628697e+00	2.840000e+00
2.850000000000000e+00	1.602271e+00	2.850000e+00
2.860000000000000e+00	1.576445e+00	2.860000e+00
2.870000000000000e+00	1.551193e+00	2.870000e+00
2.880000000000000e+00	1.526489e+00	2.880000e+00
2.890000000000000e+00	1.502311e+00	2.890000e+00
2.900000000000000e+00	1.478637e+00	2.900000e+00
2.910000000000000e+00	1.455448e+00	2.910000e+00
2.920000000000000e+00	1.432724e+00	2.920000e+00
2.930000000000000e+00	1.410448e+00	2.930000e+00
2.940000000000000e+00	1.388604e+00	2.940000e+00
2.950000000000000e+00	1.367176e+00	2.950000e+00
2.960000000000000e+00	1.346150e+00	2.960000e+00
2.970000000000000e+00	1.325511e+00	2.970000e+00
2.980000000000000e+00	1.305248e+00	2.980000e+00
2.990000000000000e+00	1.285347e+00	2.990000e+00
3.000000000000000e+00	1.265797e+00	3.000000e+00
3.010000000000000e+00	1.246588e+00	3.010000e+00
3.020000000000000e+00	1.227708e+00	3.020000e+00
3.030000000000000e+00	1.209148e+00	3.030000e+00
3.040000000000000e+00	1.190899e+00	3.040000e+00
3.050000000000000e+00	1.172951e+00	3.050000e+00
3.060000000000000e+00	1.155295e+00	3.060000e+00
3.070000000000000e+00	1.137925e+00	3.070000e+00
3.080000000000000e+00	1.120832e+00	3.080000e+00
3.090000000000000e+00	1.104009e+00	3.090000e+00
3.100000000000000e+00	1.087449e+00	3.100000e+00
3.110000000000000e+00	1.071144e+00	3.110000e+00
3.120000000000000e+00	1.055089e+00	3.120000e+00
3.130000000000000e+00	1.039278e+00	3.130000e+00
3.140000000000000e+00	1.023703e+00	3.140000e+00
3.150000000000000e+00	1.008361e+00	3.150000e+00
3.160000000000000e+00	9.932448e-01	3.160000e+00
3.170000000000000e+00	9.783497e-01	3.170000e+00
3.180000000000000e+00	9.636706e-01	3.180000e+00
3.190000000000000e+00	9.492028e-01	3.190000e+00
3.200000000000000e+00	9.349415e-01	3.200000e+00
3.210000000000000e+00	9.208822e-01	3.210000e+00
3.220000000000000e+00	9.070208e-01	3.220000e+00
3.230000000000000e+00	8.933530e-01	3.230000e+00
3.240000000000000e+00	8.798748e-01	3.240000e+00
3.250000000000000e+00	8.665824e-01	3.250000e+00
3.260000000000000e+00	8.534721e-01	3.260000e+00
3.270000000000000e+00	8.405401e-01	3.270000e+00
3.280000000000000e+00	8.277832e-01	3.280000e+00
3.290000000000000e+00	8.151978e-01	3.290000e+00
3.300000000000000e+00	8.027809e-01	3.300000e+00
3.310000000000000e+00	7.905291e-01	3.310000e+00
3.320000000000000e+00	7.784396e-01	3.320000e+00
3.330000000000000e+00	7.665094e-01	3.330000e+00
3.340000000000000e+00	7.547355e-01	3.340000e+00
3.350000000000000e+00	7.431154e-01	3.350000e+00
3.360000000000000e+00	7.316462e-01	3.360000e+00
3.370000000000000e+00	7.203254e-01	3.370000e+00
3.380000000000000e+00	7.091505e-01	3.380000e+00
3.390000000000000e+00	6.981191e-01	3.390000e+00
3.400000000000000e+00	6.872287e-01	3.400000e+00
3.410000000000000e+00	6.764772e-01	3.410000e+00
3.420000000000000e+00	6.658622e-01	3.420000e+00
3.430000000000000e+00	6.553816e-01	3.430000e+00
3.440000000000000e+00	6.450333e-01	3.440000e+00
3.450000000000000e+00	6.348153e-01	3.450000e+00
3.460000000000000e+00	6.247255e-01	3.460000e+00
3.470000000000000e+00	6.147621e-01	3.470000e+00
3.480000000000000e+00	6.049231e-01	3.480000e+00
3.490000000000000e+00	5.952067e-01	3.490000e+00
3.500000000000000e+00	5.856112e-01	3.500000e+00
3.510000000000000e+00	5.761347e-01	3.510000e+00
3.520000000000000e+00	5.667757e-01	3.520000e+00
3.530000000000000e+00	5.575324e-01	3.530000e+00
3.540000000000000e+00	5.484033e-01	3.540000e+00
3.550000000000000e+00	5.393868e-01	3.550000e+00
3.560000000000000e+00	5.304814e-01	3.560000e+00
3.570000000000000e+00	5.216855e-01	3.570000e+00
3.580000000000000e+00	5.129979e-01	3.580000e+00
3.590000000000000e+00	5.044169e-01	3.590000e+00
3.600000000000000e+00	4.959413e-01	3.600000e+00
3.610000000000000e+00	4.875696e-01	3.610000e+00
3.620000000000000e+00	4.793006e-01	3.620000e+00
3.630000000000000e+00	4.711331e-01	3.630000e+00
3.640000000000000e+00	4.630657e-01	3.640000e+00
3.650000000000000e+00	4.550972e-01	3.650000e+00
3.660000000000000e+00	4.472265e-01	3.660000e+00
3.670000000000000e+00	4.394523e-01	3.670000e+00
3.680000000000000e+00	4.317735e-01	3.680000e+00
3.690000000000000e+00	4.241890e-01	3.690000e+00
3.700000000000000e+00	4.166977e-01	3.700000e+00
3.710000000000000e+00	4.092985e-01	3.710000e+00
3.720000000000000e+00	4.019905e-01	3.720000e+00
3.730000000000000e+00	3.947725e-01	3.730000e+00
3.740000000000000e+00	3.876436e-01	3.740000e+00
3.750000000000000e+00	3.806028e-01	3.750000e+00
3.760000000000000e+00	3.736491e-01	3.760000e+00
3.770000000000000e+00	3.667816e-01	3.770000e+00
3.780000000000000e+00	3.599994e-01	3.780000e+00
3.790000000000000e+00	3.533016e-01	3.790000e+00
3.800000000000000e+00	3.466873e-01	3.800000e+00
3.810000000000000e+00	3.401557e-01	3.810000e+00
3.820000000000000e+00	3.337058e-01	3.820000e+00
3.830000000000000e+00	3.273369e-01	3.830000e+00
3.840000000000000e+00	3.210482e-01	3.840000e+00
3.850000000000000e+00	3.148388e-01	3.850000e+00
3.860000000000000e+00	3.087080e-01	3.860000e+00
3.870000000000000e+00	3.026551e-01	3.870000e+00
3.880000000000000e+00	2.966792e-01	3.880000e+00
3.890000000000000e+00	2.907797e-01	3.890000e+00
3.900000000000000e+00	2.849558e-01	3.900000e+00
3.910000000000000e+00	2.792068e-01	3.910000e+00
3.920000000000000e+00	2.735320e-01	3.920000e+00
3.930000000000000e+00	2.679308e-01	3.930000e+00
3.940000000000000e+00	2.624025e-01	3.940000e+00
3.950000000000000e+00	2.569464e-01	3.950000e+00
3.960000000000000e+00	2.515619e-01	3.960000e+00
3.970000000000000e+00	2.462483e-01	3.970000e+00
3.980000000000000e+00	2.410051e-01	3.980000e+00
3.990000000000000e+00	2.358316e-01	3.990000e+00
4.000000000000000e+00	2.307273e-01	4.000000e+00
4.010000000000000e+00	2.256915e-01	4.010000e+00
4.020000000000000e+00	2.207236e-01	4.020000e+00
4.030000000000000e+00	2.158232e-01	4.030000e+00
4.040000000000000e+00	2.109897e-01	4.040000e+00
4.050000000000000e+00	2.062224e-01	4.050000e+00
4.060000000000000e+00	2.015210e-01	4.060000e+00
4.070000000000000e+00	1.968848e-01	4.070000e+00
4.080000000000000e+00	1.923133e-01	4.080000e+00
4.090000000000000e+00	1.878061e-01	4.090000e+00
4.100000000000000e+00	1.833626e-01	4.100000e+00
4.110000000000000e+00	1.789823e-01	4.110000e+00
4.120000000000000e+00	1.746649e-01	4.120000e+00
4.130000000000000e+00	1.704097e-01	4.130000e+00
4.140000000000000e+00	1.662163e-01	4.140000e+00
4.150000000000000e+00	1.620843e-01	4.150000e+00
4.160000000000000e+00	1.580132e-01	4.160000e+00
4.170000000000000e+00	1.540026e-01	4.170000e+00
4.180000000000000e+00	1.500520e-01	4.180000e+00
4.190000000000000e+00	1.461610e-01	4.190000e+00
4.200000000000000e+00	1.423293e-01	4.200000e+00
4.210000000000000e+00	1.385563e-01	4.210000e+00
4.220000000000000e+00	1.348417e-01	4.220000e+00
4.230000000000000e+00	1.311850e-01	4.230000e+00
4.240000000000000e+00	1.275860e-01	4.240000e+00
4.250000000000000e+00	1.240441e-01	4.250000e+00
4.260000000000000e+00	1.205590e-01	4.260000e+00
4.270000000000000e+00	1.171304e-01	4.270000e+00
4.280000000000000e+00	1.137578e-01	4.280000e+00
4.290000000000000e+00	1.104410e-01	4.290000e+00
4.300000000000000e+00	1.071795e-01	4.300000e+00
4.310000000000000e+00	1.039729e-01	4.310000e+00
4.320000000000000e+00	1.008211e-01	4.320000e+00
4.330000000000000e+00	9.772351e-02	4.330000e+00
4.340000000000000e+00	9.467993e-02	4.340000e+00
4.350000000000001e+00	9.168998e-02	4.350000e+00
4.360000000000000e+00	8.875335e-02	4.360000e+00
4.370000000000000e+00	8.586972e-02	4.370000e+00
4.380000000000000e+00	8.303877e-02	4.380000e+00
4.390000000000000e+00	8.026019e-02	4.390000e+00
4.400000000000000e+00	7.753369e-02	4.400000e+00
4.410000000000000e+00	7.485895e-02	4.410000e+00
4.420000000000000e+00	7.223568e-02	4.420000e+00
4.430000000000000e+00	6.966359e-02	4.430000e+00
4.440000000000000e+00	6.714240e-02	4.440000e+00
4.450000000000000e+00	6.467181e-02	4.450000e+00
4.460000000000000e+00	6.225156e-02	4.460000e+00
4.470000000000000e+00	5.988136e-02	4.470000e+00
4.480000000000000e+00	5.756096e-02	4.480000e+00
4.490000000000000e+00	5.529007e-02	4.490000e+00
4.500000000000000e+00	5.306844e-02	4.500000e+00
4.510000000000000e+00	5.089582e-02	4.510000e+00
4.520000000000000e+00	4.877195e-02	4.520000e+00
4.530000000000000e+00	4.669657e-02	4.530000e+00
4.540000000000000e+00	4.466945e-02	4.540000e+00
4.550000000000000e+00	4.269033e-02	4.550000e+00
4.560000000000000e+00	4.075898e-02	4.560000e+00
4.570000000000000e+00	3.887517e-02	4.570000e+00
4.580000000000000e+00	3.703866e-02	4.580000e+00
4.590000000000000e+00	3.524922e-02	4.590000e+00
4.600000000000001e+00	3.350663e-02	4.600000e+00
4.610000000000000e+00	3.181066e-02	4.610000e+00
4.620000000000000e+00	3.016110e-02	4.620000e+00
4.630000000000000e+00	2.855774e-02	4.630000e+00
4.640000000000000e+00	2.700035e-02	4.640000e+00
4.650000000000000e+00	2.548873e-02	4.650000e+00
4.660000000000000e+00	2.402268e-02	4.660000e+00
4.670000000000000e+00	2.260199e-02	4.670000e+00
4.680000000000000e+00	2.122646e-02	4.680000e+00
4.690000000000000e+00	1.989589e-02	4.690000e+00
4.700000000000000e+00	1.861010e-02	4.700000e+00
4.710000000000000e+00	1.736888e-02	4.710000e+00
4.720000000000000e+00	1.617206e-02	4.720000e+00
4.730000000000000e+00	1.501944e-02	4.730000e+00
4.740000000000000e+00	1.391084e-02	4.740000e+00
4.750000000000000e+00	1.284609e-02	4.750000e+00
4.760000000000000e+00	1.182500e-02	4.760000e+00
4.770000000000000e+00	1.084740e-02	4.770000e+00
4.780000000000000e+00	9.913115e-03	4.780000e+00
4.790000000000000e+00	9.021981e-03	4.790000e+00
4.800000000000000e+00	8.173828e-03	4.800000e+00
4.810000000000000e+00	7.368491e-03	4.810000e+00
4.820000000000000e+00	6.605809e-03	4.820000e+00
4.830000000000000e+00	5.885621e-03	4.830000e+00
4.840000000000000e+00	5.207770e-03	4.840000e+00
4.850000000000001e+00	4.572100e-03	4.850000e+00
4.860000000000000e+00	3.978461e-03	4.860000e+00
4.870000000000000e+00	3.426700e-03	4.870000e+00
4.880000000000000e+00	2.916671e-03	4.880000e+00
4.890000000000000e+00	2.448226e-03	4.890000e+00
4.900000000000000e+00	2.021223e-03	4.900000e+00
4.910000000000000e+00	1.635520e-03	4.910000e+00
4.920000000000000e+00	1.290977e-03	4.920000e+00
4.930000000000000e+00	9.874582e-04	4.930000e+00
4.940000000000000e+00	7.248278e-04	4.940000e+00
4.950000000000000e+00	5.029528e-04	4.950000e+00
4.960000000000000e+00	3.217025e-04	4.960000e+00
4.970000000000000e+00	1.809480e-04	4.970000e+00
4.980000000000000e+00	8.056232e-05	4.980000e+00
4.990000000000000e+00	2.042072e-05	4.990000e+00
5.000000000000000e+00	4.002390e-07	5.000000e+00
