Vin	V(vin)	V(vout)
0.000000000000000e+00	0.000000e+00	5.000000e+00
1.000000000000000e-02	1.000000e-02	5.000000e+00
2.000000000000000e-02	2.000000e-02	5.000000e+00
3.000000000000000e-02	3.000000e-02	5.000000e+00
4.000000000000000e-02	4.000000e-02	5.000000e+00
5.000000000000000e-02	5.000000e-02	5.000000e+00
6.000000000000000e-02	6.000000e-02	5.000000e+00
7.000000000000001e-02	7.000000e-02	5.000000e+00
8.000000000000000e-02	8.000000e-02	5.000000e+00
9.000000000000000e-02	9.000000e-02	5.000000e+00
1.000000000000000e-01	1.000000e-01	5.000000e+00
1.100000000000000e-01	1.100000e-01	5.000000e+00
1.200000000000000e-01	1.200000e-01	5.000000e+00
1.300000000000000e-01	1.300000e-01	5.000000e+00
1.400000000000000e-01	1.400000e-01	5.000000e+00
1.500000000000000e-01	1.500000e-01	5.000000e+00
1.600000000000000e-01	1.600000e-01	5.000000e+00
1.700000000000000e-01	1.700000e-01	5.000000e+00
1.800000000000000e-01	1.800000e-01	5.000000e+00
1.900000000000000e-01	1.900000e-01	5.000000e+00
2.000000000000000e-01	2.000000e-01	5.000000e+00
2.100000000000000e-01	2.100000e-01	5.000000e+00
2.200000000000000e-01	2.200000e-01	5.000000e+00
2.300000000000000e-01	2.300000e-01	5.000000e+00
2.400000000000000e-01	2.400000e-01	5.000000e+00
2.500000000000000e-01	2.500000e-01	5.000000e+00
2.600000000000000e-01	2.600000e-01	5.000000e+00
2.700000000000000e-01	2.700000e-01	5.000000e+00
2.800000000000000e-01	2.800000e-01	5.000000e+00
2.900000000000000e-01	2.900000e-01	5.000000e+00
3.000000000000000e-01	3.000000e-01	5.000000e+00
3.100000000000000e-01	3.100000e-01	5.000000e+00
3.200000000000000e-01	3.200000e-01	5.000000e+00
3.300000000000000e-01	3.300000e-01	5.000000e+00
3.400000000000000e-01	3.400000e-01	5.000000e+00
3.500000000000000e-01	3.500000e-01	5.000000e+00
3.600000000000000e-01	3.600000e-01	5.000000e+00
3.700000000000000e-01	3.700000e-01	5.000000e+00
3.800000000000000e-01	3.800000e-01	5.000000e+00
3.900000000000000e-01	3.900000e-01	5.000000e+00
4.000000000000000e-01	4.000000e-01	5.000000e+00
4.100000000000000e-01	4.100000e-01	5.000000e+00
4.200000000000000e-01	4.200000e-01	5.000000e+00
4.300000000000000e-01	4.300000e-01	5.000000e+00
4.400000000000000e-01	4.400000e-01	5.000000e+00
4.500000000000000e-01	4.500000e-01	5.000000e+00
4.600000000000000e-01	4.600000e-01	5.000000e+00
4.700000000000000e-01	4.700000e-01	5.000000e+00
4.800000000000000e-01	4.800000e-01	5.000000e+00
4.900000000000000e-01	4.900000e-01	5.000000e+00
5.000000000000000e-01	5.000000e-01	5.000000e+00
5.100000000000000e-01	5.100000e-01	5.000000e+00
5.200000000000000e-01	5.200000e-01	5.000000e+00
5.300000000000000e-01	5.300000e-01	5.000000e+00
5.400000000000000e-01	5.400000e-01	5.000000e+00
5.500000000000000e-01	5.500000e-01	5.000000e+00
5.600000000000001e-01	5.600000e-01	5.000000e+00
5.700000000000001e-01	5.700000e-01	5.000000e+00
5.800000000000000e-01	5.800000e-01	5.000000e+00
5.900000000000000e-01	5.900000e-01	5.000000e+00
6.000000000000000e-01	6.000000e-01	5.000000e+00
6.100000000000000e-01	6.100000e-01	5.000000e+00
6.200000000000000e-01	6.200000e-01	5.000000e+00
6.300000000000000e-01	6.300000e-01	5.000000e+00
6.400000000000000e-01	6.400000e-01	5.000000e+00
6.500000000000000e-01	6.500000e-01	5.000000e+00
6.600000000000000e-01	6.600000e-01	5.000000e+00
6.700000000000000e-01	6.700000e-01	5.000000e+00
6.800000000000000e-01	6.800000e-01	5.000000e+00
6.900000000000001e-01	6.900000e-01	5.000000e+00
7.000000000000001e-01	7.000000e-01	5.000000e+00
7.100000000000000e-01	7.100000e-01	4.999963e+00
7.200000000000000e-01	7.200000e-01	4.999853e+00
7.300000000000000e-01	7.300000e-01	4.999667e+00
7.400000000000000e-01	7.400000e-01	4.999407e+00
7.500000000000000e-01	7.500000e-01	4.999070e+00
7.600000000000000e-01	7.600000e-01	4.998657e+00
7.700000000000000e-01	7.700000e-01	4.998168e+00
7.800000000000000e-01	7.800000e-01	4.997599e+00
7.900000000000000e-01	7.900000e-01	4.996953e+00
8.000000000000000e-01	8.000000e-01	4.996227e+00
8.100000000000001e-01	8.100000e-01	4.995421e+00
8.200000000000001e-01	8.200000e-01	4.994534e+00
8.300000000000001e-01	8.300000e-01	4.993567e+00
8.400000000000000e-01	8.400000e-01	4.992517e+00
8.500000000000000e-01	8.500000e-01	4.991384e+00
8.600000000000000e-01	8.600000e-01	4.990166e+00
8.700000000000000e-01	8.700000e-01	4.988865e+00
8.800000000000000e-01	8.800000e-01	4.987478e+00
8.900000000000000e-01	8.900000e-01	4.986004e+00
9.000000000000000e-01	9.000000e-01	4.984444e+00
9.100000000000000e-01	9.100000e-01	4.982796e+00
9.200000000000000e-01	9.200000e-01	4.981059e+00
9.300000000000000e-01	9.300000e-01	4.979232e+00
9.400000000000001e-01	9.400000e-01	4.977314e+00
9.500000000000001e-01	9.500000e-01	4.975305e+00
9.600000000000000e-01	9.600000e-01	4.973204e+00
9.700000000000000e-01	9.700000e-01	4.971008e+00
9.800000000000000e-01	9.800000e-01	4.968719e+00
9.900000000000000e-01	9.900000e-01	4.966333e+00
1.000000000000000e+00	1.000000e+00	4.963851e+00
1.010000000000000e+00	1.010000e+00	4.961272e+00
1.020000000000000e+00	1.020000e+00	4.958594e+00
1.030000000000000e+00	1.030000e+00	4.955816e+00
1.040000000000000e+00	1.040000e+00	4.952937e+00
1.050000000000000e+00	1.050000e+00	4.949956e+00
1.060000000000000e+00	1.060000e+00	4.946871e+00
1.070000000000000e+00	1.070000e+00	4.943682e+00
1.080000000000000e+00	1.080000e+00	4.940388e+00
1.090000000000000e+00	1.090000e+00	4.936986e+00
1.100000000000000e+00	1.100000e+00	4.933476e+00
1.110000000000000e+00	1.110000e+00	4.929856e+00
1.120000000000000e+00	1.120000e+00	4.926126e+00
1.130000000000000e+00	1.130000e+00	4.922282e+00
1.140000000000000e+00	1.140000e+00	4.918325e+00
1.150000000000000e+00	1.150000e+00	4.914253e+00
1.160000000000000e+00	1.160000e+00	4.910064e+00
1.170000000000000e+00	1.170000e+00	4.905756e+00
1.180000000000000e+00	1.180000e+00	4.901330e+00
1.190000000000000e+00	1.190000e+00	4.896780e+00
1.200000000000000e+00	1.200000e+00	4.892108e+00
1.210000000000000e+00	1.210000e+00	4.887311e+00
1.220000000000000e+00	1.220000e+00	4.882388e+00
1.230000000000000e+00	1.230000e+00	4.877336e+00
1.240000000000000e+00	1.240000e+00	4.872153e+00
1.250000000000000e+00	1.250000e+00	4.866839e+00
1.260000000000000e+00	1.260000e+00	4.861390e+00
1.270000000000000e+00	1.270000e+00	4.855805e+00
1.280000000000000e+00	1.280000e+00	4.850082e+00
1.290000000000000e+00	1.290000e+00	4.844219e+00
1.300000000000000e+00	1.300000e+00	4.838213e+00
1.310000000000000e+00	1.310000e+00	4.832062e+00
1.320000000000000e+00	1.320000e+00	4.825764e+00
1.330000000000000e+00	1.330000e+00	4.819316e+00
1.340000000000000e+00	1.340000e+00	4.812717e+00
1.350000000000000e+00	1.350000e+00	4.805963e+00
1.360000000000000e+00	1.360000e+00	4.799052e+00
1.370000000000000e+00	1.370000e+00	4.791980e+00
1.380000000000000e+00	1.380000e+00	4.784747e+00
1.390000000000000e+00	1.390000e+00	4.777347e+00
1.400000000000000e+00	1.400000e+00	4.769779e+00
1.410000000000000e+00	1.410000e+00	4.762039e+00
1.420000000000000e+00	1.420000e+00	4.754124e+00
1.430000000000000e+00	1.430000e+00	4.746031e+00
1.440000000000000e+00	1.440000e+00	4.737756e+00
1.450000000000000e+00	1.450000e+00	4.729296e+00
1.460000000000000e+00	1.460000e+00	4.720646e+00
1.470000000000000e+00	1.470000e+00	4.711804e+00
1.480000000000000e+00	1.480000e+00	4.702765e+00
1.490000000000000e+00	1.490000e+00	4.693525e+00
1.500000000000000e+00	1.500000e+00	4.684080e+00
1.510000000000000e+00	1.510000e+00	4.674425e+00
1.520000000000000e+00	1.520000e+00	4.664555e+00
1.530000000000000e+00	1.530000e+00	4.654466e+00
1.540000000000000e+00	1.540000e+00	4.644152e+00
1.550000000000000e+00	1.550000e+00	4.633608e+00
1.560000000000000e+00	1.560000e+00	4.622829e+00
1.570000000000000e+00	1.570000e+00	4.611810e+00
1.580000000000000e+00	1.580000e+00	4.600543e+00
1.590000000000000e+00	1.590000e+00	4.589022e+00
1.600000000000000e+00	1.600000e+00	4.577241e+00
1.610000000000000e+00	1.610000e+00	4.565193e+00
1.620000000000000e+00	1.620000e+00	4.552871e+00
1.630000000000000e+00	1.630000e+00	4.540267e+00
1.640000000000000e+00	1.640000e+00	4.527372e+00
1.650000000000000e+00	1.650000e+00	4.514179e+00
1.660000000000000e+00	1.660000e+00	4.500678e+00
1.670000000000000e+00	1.670000e+00	4.486860e+00
1.680000000000000e+00	1.680000e+00	4.472715e+00
1.690000000000000e+00	1.690000e+00	4.458232e+00
1.700000000000000e+00	1.700000e+00	4.443401e+00
1.710000000000000e+00	1.710000e+00	4.428209e+00
1.720000000000000e+00	1.720000e+00	4.412643e+00
1.730000000000000e+00	1.730000e+00	4.396690e+00
1.740000000000000e+00	1.740000e+00	4.380337e+00
1.750000000000000e+00	1.750000e+00	4.363567e+00
1.760000000000000e+00	1.760000e+00	4.346364e+00
1.770000000000000e+00	1.770000e+00	4.328712e+00
1.780000000000000e+00	1.780000e+00	4.310589e+00
1.790000000000000e+00	1.790000e+00	4.291978e+00
1.800000000000000e+00	1.800000e+00	4.272856e+00
1.810000000000000e+00	1.810000e+00	4.253198e+00
1.820000000000000e+00	1.820000e+00	4.232981e+00
1.830000000000000e+00	1.830000e+00	4.212175e+00
1.840000000000000e+00	1.840000e+00	4.190751e+00
1.850000000000000e+00	1.850000e+00	4.168675e+00
1.860000000000000e+00	1.860000e+00	4.145912e+00
1.870000000000000e+00	1.870000e+00	4.122420e+00
1.880000000000000e+00	1.880000e+00	4.098156e+00
1.890000000000000e+00	1.890000e+00	4.073071e+00
1.900000000000000e+00	1.900000e+00	4.047110e+00
1.910000000000000e+00	1.910000e+00	4.020211e+00
1.920000000000000e+00	1.920000e+00	3.992306e+00
1.930000000000000e+00	1.930000e+00	3.963315e+00
1.940000000000000e+00	1.940000e+00	3.933149e+00
1.950000000000000e+00	1.950000e+00	3.901705e+00
1.960000000000000e+00	1.960000e+00	3.868863e+00
1.970000000000000e+00	1.970000e+00	3.834483e+00
1.980000000000000e+00	1.980000e+00	3.798398e+00
1.990000000000000e+00	1.990000e+00	3.760411e+00
2.000000000000000e+00	2.000000e+00	3.720278e+00
2.010000000000000e+00	2.010000e+00	3.677700e+00
2.020000000000000e+00	2.020000e+00	3.632299e+00
2.030000000000000e+00	2.030000e+00	3.583587e+00
2.040000000000000e+00	2.040000e+00	3.530912e+00
2.050000000000000e+00	2.050000e+00	3.473372e+00
2.060000000000000e+00	2.060000e+00	3.409658e+00
2.070000000000000e+00	2.070000e+00	3.337731e+00
2.080000000000000e+00	2.080000e+00	3.254090e+00
2.090000000000000e+00	2.090000e+00	3.151711e+00
2.100000000000000e+00	2.100000e+00	3.011680e+00
2.110000000000000e+00	2.110000e+00	2.635317e+00
2.120000000000000e+00	2.120000e+00	2.024029e+00
2.130000000000000e+00	2.130000e+00	1.416519e+00
2.140000000000000e+00	2.140000e+00	1.252918e+00
2.150000000000000e+00	2.150000e+00	1.173140e+00
2.160000000000000e+00	2.160000e+00	1.113192e+00
2.170000000000000e+00	2.170000e+00	1.064570e+00
2.180000000000000e+00	2.180000e+00	1.022488e+00
2.190000000000000e+00	2.190000e+00	9.851735e-01
2.200000000000000e+00	2.200000e+00	9.515243e-01
2.210000000000000e+00	2.210000e+00	9.207837e-01
2.220000000000000e+00	2.220000e+00	8.924219e-01
2.230000000000000e+00	2.230000e+00	8.660519e-01
2.240000000000000e+00	2.240000e+00	8.413808e-01
2.250000000000000e+00	2.250000e+00	8.181807e-01
2.260000000000000e+00	2.260000e+00	7.962702e-01
2.270000000000000e+00	2.270000e+00	7.755020e-01
2.280000000000000e+00	2.280000e+00	7.557548e-01
2.290000000000000e+00	2.290000e+00	7.369270e-01
2.300000000000000e+00	2.300000e+00	7.189329e-01
2.310000000000000e+00	2.310000e+00	7.016991e-01
2.320000000000000e+00	2.320000e+00	6.851621e-01
2.330000000000000e+00	2.330000e+00	6.692671e-01
2.340000000000000e+00	2.340000e+00	6.539655e-01
2.350000000000000e+00	2.350000e+00	6.392149e-01
2.360000000000000e+00	2.360000e+00	6.249775e-01
2.370000000000000e+00	2.370000e+00	6.112196e-01
2.380000000000000e+00	2.380000e+00	5.979109e-01
2.390000000000000e+00	2.390000e+00	5.850243e-01
2.400000000000000e+00	2.400000e+00	5.725351e-01
2.410000000000000e+00	2.410000e+00	5.604209e-01
2.420000000000000e+00	2.420000e+00	5.486614e-01
2.430000000000000e+00	2.430000e+00	5.372379e-01
2.440000000000000e+00	2.440000e+00	5.261335e-01
2.450000000000000e+00	2.450000e+00	5.153323e-01
2.460000000000000e+00	2.460000e+00	5.048199e-01
2.470000000000000e+00	2.470000e+00	4.945828e-01
2.480000000000000e+00	2.480000e+00	4.846088e-01
2.490000000000000e+00	2.490000e+00	4.748863e-01
2.500000000000000e+00	2.500000e+00	4.654046e-01
2.510000000000000e+00	2.510000e+00	4.561536e-01
2.520000000000000e+00	2.520000e+00	4.471240e-01
2.530000000000000e+00	2.530000e+00	4.383071e-01
2.540000000000000e+00	2.540000e+00	4.296947e-01
2.550000000000000e+00	2.550000e+00	4.212791e-01
2.560000000000000e+00	2.560000e+00	4.130531e-01
2.570000000000000e+00	2.570000e+00	4.050098e-01
2.580000000000000e+00	2.580000e+00	3.971428e-01
2.590000000000000e+00	2.590000e+00	3.894461e-01
2.600000000000000e+00	2.600000e+00	3.819139e-01
2.610000000000000e+00	2.610000e+00	3.745408e-01
2.620000000000000e+00	2.620000e+00	3.673216e-01
2.630000000000000e+00	2.630000e+00	3.602514e-01
2.640000000000000e+00	2.640000e+00	3.533257e-01
2.650000000000000e+00	2.650000e+00	3.465399e-01
2.660000000000000e+00	2.660000e+00	3.398900e-01
2.670000000000000e+00	2.670000e+00	3.333718e-01
2.680000000000000e+00	2.680000e+00	3.269817e-01
2.690000000000000e+00	2.690000e+00	3.207158e-01
2.700000000000000e+00	2.700000e+00	3.145709e-01
2.710000000000000e+00	2.710000e+00	3.085435e-01
2.720000000000000e+00	2.720000e+00	3.026305e-01
2.730000000000000e+00	2.730000e+00	2.968288e-01
2.740000000000000e+00	2.740000e+00	2.911355e-01
2.750000000000000e+00	2.750000e+00	2.855479e-01
2.760000000000000e+00	2.760000e+00	2.800631e-01
2.770000000000000e+00	2.770000e+00	2.746788e-01
2.780000000000000e+00	2.780000e+00	2.693923e-01
2.790000000000000e+00	2.790000e+00	2.642013e-01
2.800000000000000e+00	2.800000e+00	2.591036e-01
2.810000000000000e+00	2.810000e+00	2.540969e-01
2.820000000000000e+00	2.820000e+00	2.491791e-01
2.830000000000000e+00	2.830000e+00	2.443482e-01
2.840000000000000e+00	2.840000e+00	2.396022e-01
2.850000000000000e+00	2.850000e+00	2.349392e-01
2.860000000000000e+00	2.860000e+00	2.303574e-01
2.870000000000000e+00	2.870000e+00	2.258549e-01
2.880000000000000e+00	2.880000e+00	2.214302e-01
2.890000000000000e+00	2.890000e+00	2.170815e-01
2.900000000000000e+00	2.900000e+00	2.128073e-01
2.910000000000000e+00	2.910000e+00	2.086060e-01
2.920000000000000e+00	2.920000e+00	2.044761e-01
2.930000000000000e+00	2.930000e+00	2.004162e-01
2.940000000000000e+00	2.940000e+00	1.964248e-01
2.950000000000000e+00	2.950000e+00	1.925007e-01
2.960000000000000e+00	2.960000e+00	1.886425e-01
2.970000000000000e+00	2.970000e+00	1.848489e-01
2.980000000000000e+00	2.980000e+00	1.811187e-01
2.990000000000000e+00	2.990000e+00	1.774507e-01
3.000000000000000e+00	3.000000e+00	1.738438e-01
3.010000000000000e+00	3.010000e+00	1.702968e-01
3.020000000000000e+00	3.020000e+00	1.668086e-01
3.030000000000000e+00	3.030000e+00	1.633781e-01
3.040000000000000e+00	3.040000e+00	1.600043e-01
3.050000000000000e+00	3.050000e+00	1.566863e-01
3.060000000000000e+00	3.060000e+00	1.534230e-01
3.070000000000000e+00	3.070000e+00	1.502134e-01
3.080000000000000e+00	3.080000e+00	1.470567e-01
3.090000000000000e+00	3.090000e+00	1.439520e-01
3.100000000000000e+00	3.100000e+00	1.408983e-01
3.110000000000000e+00	3.110000e+00	1.378948e-01
3.120000000000000e+00	3.120000e+00	1.349408e-01
3.130000000000000e+00	3.130000e+00	1.320352e-01
3.140000000000000e+00	3.140000e+00	1.291775e-01
3.150000000000000e+00	3.150000e+00	1.263668e-01
3.160000000000000e+00	3.160000e+00	1.236023e-01
3.170000000000000e+00	3.170000e+00	1.208834e-01
3.180000000000000e+00	3.180000e+00	1.182093e-01
3.190000000000000e+00	3.190000e+00	1.155793e-01
3.200000000000000e+00	3.200000e+00	1.129927e-01
3.210000000000000e+00	3.210000e+00	1.104489e-01
3.220000000000000e+00	3.220000e+00	1.079472e-01
3.230000000000000e+00	3.230000e+00	1.054870e-01
3.240000000000000e+00	3.240000e+00	1.030677e-01
3.250000000000000e+00	3.250000e+00	1.006887e-01
3.260000000000000e+00	3.260000e+00	9.834925e-02
3.270000000000000e+00	3.270000e+00	9.604895e-02
3.280000000000000e+00	3.280000e+00	9.378717e-02
3.290000000000000e+00	3.290000e+00	9.156337e-02
3.300000000000000e+00	3.300000e+00	8.937701e-02
3.310000000000000e+00	3.310000e+00	8.722755e-02
3.320000000000000e+00	3.320000e+00	8.511448e-02
3.330000000000000e+00	3.330000e+00	8.303729e-02
3.340000000000000e+00	3.340000e+00	8.099550e-02
3.350000000000000e+00	3.350000e+00	7.898861e-02
3.360000000000000e+00	3.360000e+00	7.701615e-02
3.370000000000000e+00	3.370000e+00	7.507765e-02
3.380000000000000e+00	3.380000e+00	7.317267e-02
3.390000000000000e+00	3.390000e+00	7.130075e-02
3.400000000000000e+00	3.400000e+00	6.946144e-02
3.410000000000000e+00	3.410000e+00	6.765435e-02
3.420000000000000e+00	3.420000e+00	6.587903e-02
3.430000000000000e+00	3.430000e+00	6.413508e-02
3.440000000000000e+00	3.440000e+00	6.242210e-02
3.450000000000000e+00	3.450000e+00	6.073968e-02
3.460000000000000e+00	3.460000e+00	5.908745e-02
3.470000000000000e+00	3.470000e+00	5.746502e-02
3.480000000000000e+00	3.480000e+00	5.587203e-02
3.490000000000000e+00	3.490000e+00	5.430809e-02
3.500000000000000e+00	3.500000e+00	5.277286e-02
3.510000000000000e+00	3.510000e+00	5.126599e-02
3.520000000000000e+00	3.520000e+00	4.978712e-02
3.530000000000000e+00	3.530000e+00	4.833592e-02
3.540000000000000e+00	3.540000e+00	4.691206e-02
3.550000000000000e+00	3.550000e+00	4.551521e-02
3.560000000000000e+00	3.560000e+00	4.414504e-02
3.570000000000000e+00	3.570000e+00	4.280124e-02
3.580000000000000e+00	3.580000e+00	4.148351e-02
3.590000000000000e+00	3.590000e+00	4.019153e-02
3.600000000000000e+00	3.600000e+00	3.892502e-02
3.610000000000000e+00	3.610000e+00	3.768367e-02
3.620000000000000e+00	3.620000e+00	3.646721e-02
3.630000000000000e+00	3.630000e+00	3.527533e-02
3.640000000000000e+00	3.640000e+00	3.410777e-02
3.650000000000000e+00	3.650000e+00	3.296425e-02
3.660000000000000e+00	3.660000e+00	3.184450e-02
3.670000000000000e+00	3.670000e+00	3.074826e-02
3.680000000000000e+00	3.680000e+00	2.967527e-02
3.690000000000000e+00	3.690000e+00	2.862527e-02
3.700000000000000e+00	3.700000e+00	2.759801e-02
3.710000000000000e+00	3.710000e+00	2.659324e-02
3.720000000000000e+00	3.720000e+00	2.561071e-02
3.730000000000000e+00	3.730000e+00	2.465020e-02
3.740000000000000e+00	3.740000e+00	2.371146e-02
3.750000000000000e+00	3.750000e+00	2.279426e-02
3.760000000000000e+00	3.760000e+00	2.189837e-02
3.770000000000000e+00	3.770000e+00	2.102356e-02
3.780000000000000e+00	3.780000e+00	2.016963e-02
3.790000000000000e+00	3.790000e+00	1.933634e-02
3.800000000000000e+00	3.800000e+00	1.852348e-02
3.810000000000000e+00	3.810000e+00	1.773085e-02
3.820000000000000e+00	3.820000e+00	1.695824e-02
3.830000000000000e+00	3.830000e+00	1.620543e-02
3.840000000000000e+00	3.840000e+00	1.547223e-02
3.850000000000000e+00	3.850000e+00	1.475844e-02
3.860000000000000e+00	3.860000e+00	1.406387e-02
3.870000000000000e+00	3.870000e+00	1.338832e-02
3.880000000000000e+00	3.880000e+00	1.273160e-02
3.890000000000000e+00	3.890000e+00	1.209352e-02
3.900000000000000e+00	3.900000e+00	1.147391e-02
3.910000000000000e+00	3.910000e+00	1.087258e-02
3.920000000000000e+00	3.920000e+00	1.028934e-02
3.930000000000000e+00	3.930000e+00	9.724035e-03
3.940000000000000e+00	3.940000e+00	9.176476e-03
3.950000000000000e+00	3.950000e+00	8.646497e-03
3.960000000000000e+00	3.960000e+00	8.133927e-03
3.970000000000000e+00	3.970000e+00	7.638603e-03
3.980000000000000e+00	3.980000e+00	7.160357e-03
3.990000000000000e+00	3.990000e+00	6.699029e-03
4.000000000000000e+00	4.000000e+00	6.254460e-03
4.010000000000000e+00	4.010000e+00	5.826491e-03
4.020000000000000e+00	4.020000e+00	5.414969e-03
4.030000000000000e+00	4.030000e+00	5.019739e-03
4.040000000000000e+00	4.040000e+00	4.640650e-03
4.050000000000000e+00	4.050000e+00	4.277555e-03
4.060000000000000e+00	4.060000e+00	3.930306e-03
4.070000000000000e+00	4.070000e+00	3.598757e-03
4.080000000000000e+00	4.080000e+00	3.282766e-03
4.090000000000000e+00	4.090000e+00	2.982192e-03
4.100000000000000e+00	4.100000e+00	2.696895e-03
4.110000000000000e+00	4.110000e+00	2.426738e-03
4.120000000000000e+00	4.120000e+00	2.171587e-03
4.130000000000000e+00	4.130000e+00	1.931305e-03
4.140000000000000e+00	4.140000e+00	1.705762e-03
4.150000000000000e+00	4.150000e+00	1.494828e-03
4.160000000000000e+00	4.160000e+00	1.298373e-03
4.170000000000000e+00	4.170000e+00	1.116270e-03
4.180000000000000e+00	4.180000e+00	9.483947e-04
4.190000000000000e+00	4.190000e+00	7.946222e-04
4.200000000000000e+00	4.200000e+00	6.548306e-04
4.210000000000000e+00	4.210000e+00	5.288991e-04
4.220000000000000e+00	4.220000e+00	4.167084e-04
4.230000000000000e+00	4.230000e+00	3.181408e-04
4.240000000000000e+00	4.240000e+00	2.330800e-04
4.250000000000000e+00	4.250000e+00	1.614111e-04
4.260000000000000e+00	4.260000e+00	1.030207e-04
4.270000000000000e+00	4.270000e+00	5.779679e-05
4.280000000000000e+00	4.280000e+00	2.562856e-05
4.290000000000000e+00	4.290000e+00	6.406688e-06
4.300000000000000e+00	4.300000e+00	2.314511e-08
4.310000000000000e+00	4.310000e+00	2.310065e-08
4.320000000000000e+00	4.320000e+00	2.304328e-08
4.330000000000000e+00	4.330000e+00	2.297980e-08
4.340000000000000e+00	4.340000e+00	2.291667e-08
4.350000000000001e+00	4.350000e+00	2.285388e-08
4.360000000000000e+00	4.360000e+00	2.279144e-08
4.370000000000000e+00	4.370000e+00	2.272934e-08
4.380000000000000e+00	4.380000e+00	2.266757e-08
4.390000000000000e+00	4.390000e+00	2.260614e-08
4.400000000000000e+00	4.400000e+00	2.254504e-08
4.410000000000000e+00	4.410000e+00	2.248428e-08
4.420000000000000e+00	4.420000e+00	2.242384e-08
4.430000000000000e+00	4.430000e+00	2.236372e-08
4.440000000000000e+00	4.440000e+00	2.230392e-08
4.450000000000000e+00	4.450000e+00	2.224444e-08
4.460000000000000e+00	4.460000e+00	2.218528e-08
4.470000000000000e+00	4.470000e+00	2.212644e-08
4.480000000000000e+00	4.480000e+00	2.206790e-08
4.490000000000000e+00	4.490000e+00	2.200967e-08
4.500000000000000e+00	4.500000e+00	2.195175e-08
4.510000000000000e+00	4.510000e+00	2.189414e-08
4.520000000000000e+00	4.520000e+00	2.183682e-08
4.530000000000000e+00	4.530000e+00	2.177981e-08
4.540000000000000e+00	4.540000e+00	2.172309e-08
4.550000000000000e+00	4.550000e+00	2.166667e-08
4.560000000000000e+00	4.560000e+00	2.161054e-08
4.570000000000000e+00	4.570000e+00	2.155469e-08
4.580000000000000e+00	4.580000e+00	2.149914e-08
4.590000000000000e+00	4.590000e+00	2.144387e-08
4.600000000000001e+00	4.600000e+00	2.138889e-08
4.610000000000000e+00	4.610000e+00	2.133419e-08
4.620000000000000e+00	4.620000e+00	2.127976e-08
4.630000000000000e+00	4.630000e+00	2.122562e-08
4.640000000000000e+00	4.640000e+00	2.117174e-08
4.650000000000000e+00	4.650000e+00	2.111814e-08
4.660000000000000e+00	4.660000e+00	2.106481e-08
4.670000000000000e+00	4.670000e+00	2.101175e-08
4.680000000000000e+00	4.680000e+00	2.095896e-08
4.690000000000000e+00	4.690000e+00	2.090643e-08
4.700000000000000e+00	4.700000e+00	2.085417e-08
4.710000000000000e+00	4.710000e+00	2.080216e-08
4.720000000000000e+00	4.720000e+00	2.075041e-08
4.730000000000000e+00	4.730000e+00	2.069893e-08
4.740000000000000e+00	4.740000e+00	2.064769e-08
4.750000000000000e+00	4.750000e+00	2.059671e-08
4.760000000000000e+00	4.760000e+00	2.054598e-08
4.770000000000000e+00	4.770000e+00	2.049550e-08
4.780000000000000e+00	4.780000e+00	2.044526e-08
4.790000000000000e+00	4.790000e+00	2.039527e-08
4.800000000000000e+00	4.800000e+00	2.034553e-08
4.810000000000000e+00	4.810000e+00	2.029603e-08
4.820000000000000e+00	4.820000e+00	2.024676e-08
4.830000000000000e+00	4.830000e+00	2.019774e-08
4.840000000000000e+00	4.840000e+00	2.014895e-08
4.850000000000001e+00	4.850000e+00	2.010040e-08
4.860000000000000e+00	4.860000e+00	2.005208e-08
4.870000000000000e+00	4.870000e+00	2.000400e-08
4.880000000000000e+00	4.880000e+00	1.995614e-08
4.890000000000000e+00	4.890000e+00	1.990851e-08
4.900000000000000e+00	4.900000e+00	1.986111e-08
4.910000000000000e+00	4.910000e+00	1.981394e-08
4.920000000000000e+00	4.920000e+00	1.976698e-08
4.930000000000000e+00	4.930000e+00	1.972025e-08
4.940000000000000e+00	4.940000e+00	1.967374e-08
4.950000000000000e+00	4.950000e+00	1.962745e-08
4.960000000000000e+00	4.960000e+00	1.958138e-08
4.970000000000000e+00	4.970000e+00	1.953552e-08
4.980000000000000e+00	4.980000e+00	1.948987e-08
4.990000000000000e+00	4.990000e+00	1.944444e-08
5.000000000000000e+00	5.000000e+00	1.939923e-08
