V2	V(a)	V(out)
0.000000000000000e+00	0.000000e+00	5.000000e+00
1.000000000000000e-02	1.000000e-02	4.999979e+00
2.000000000000000e-02	2.000000e-02	4.999919e+00
3.000000000000000e-02	3.000000e-02	4.999819e+00
4.000000000000000e-02	4.000000e-02	4.999678e+00
5.000000000000000e-02	5.000000e-02	4.999497e+00
6.000000000000000e-02	6.000000e-02	4.999275e+00
7.000000000000001e-02	7.000000e-02	4.999012e+00
8.000000000000000e-02	8.000000e-02	4.998709e+00
9.000000000000000e-02	9.000000e-02	4.998364e+00
1.000000000000000e-01	1.000000e-01	4.997979e+00
1.100000000000000e-01	1.100000e-01	4.997552e+00
1.200000000000000e-01	1.200000e-01	4.997083e+00
1.300000000000000e-01	1.300000e-01	4.996573e+00
1.400000000000000e-01	1.400000e-01	4.996022e+00
1.500000000000000e-01	1.500000e-01	4.995428e+00
1.600000000000000e-01	1.600000e-01	4.994792e+00
1.700000000000000e-01	1.700000e-01	4.994114e+00
1.800000000000000e-01	1.800000e-01	4.993394e+00
1.900000000000000e-01	1.900000e-01	4.992631e+00
2.000000000000000e-01	2.000000e-01	4.991826e+00
2.100000000000000e-01	2.100000e-01	4.990978e+00
2.200000000000000e-01	2.200000e-01	4.990087e+00
2.300000000000000e-01	2.300000e-01	4.989152e+00
2.400000000000000e-01	2.400000e-01	4.988175e+00
2.500000000000000e-01	2.500000e-01	4.987154e+00
2.600000000000000e-01	2.600000e-01	4.986089e+00
2.700000000000000e-01	2.700000e-01	4.984981e+00
2.800000000000000e-01	2.800000e-01	4.983828e+00
2.900000000000000e-01	2.900000e-01	4.982631e+00
3.000000000000000e-01	3.000000e-01	4.981390e+00
3.100000000000000e-01	3.100000e-01	4.980104e+00
3.200000000000000e-01	3.200000e-01	4.978774e+00
3.300000000000000e-01	3.300000e-01	4.977398e+00
3.400000000000000e-01	3.400000e-01	4.975977e+00
3.500000000000000e-01	3.500000e-01	4.974511e+00
3.600000000000000e-01	3.600000e-01	4.973000e+00
3.700000000000000e-01	3.700000e-01	4.971442e+00
3.800000000000000e-01	3.800000e-01	4.969839e+00
3.900000000000000e-01	3.900000e-01	4.968189e+00
4.000000000000000e-01	4.000000e-01	4.966494e+00
4.100000000000000e-01	4.100000e-01	4.964751e+00
4.200000000000000e-01	4.200000e-01	4.962961e+00
4.300000000000000e-01	4.300000e-01	4.961125e+00
4.400000000000000e-01	4.400000e-01	4.959241e+00
4.500000000000000e-01	4.500000e-01	4.957310e+00
4.600000000000000e-01	4.600000e-01	4.955330e+00
4.700000000000000e-01	4.700000e-01	4.953303e+00
4.800000000000000e-01	4.800000e-01	4.951228e+00
4.900000000000000e-01	4.900000e-01	4.949104e+00
5.000000000000000e-01	5.000000e-01	4.946931e+00
5.100000000000000e-01	5.100000e-01	4.944710e+00
5.200000000000000e-01	5.200000e-01	4.942439e+00
5.300000000000000e-01	5.300000e-01	4.940119e+00
5.400000000000000e-01	5.400000e-01	4.937748e+00
5.500000000000000e-01	5.500000e-01	4.935328e+00
5.600000000000001e-01	5.600000e-01	4.932858e+00
5.700000000000001e-01	5.700000e-01	4.930336e+00
5.800000000000000e-01	5.800000e-01	4.927764e+00
5.900000000000000e-01	5.900000e-01	4.925141e+00
6.000000000000000e-01	6.000000e-01	4.922466e+00
6.100000000000000e-01	6.100000e-01	4.919740e+00
6.200000000000000e-01	6.200000e-01	4.916961e+00
6.300000000000000e-01	6.300000e-01	4.914130e+00
6.400000000000000e-01	6.400000e-01	4.911247e+00
6.500000000000000e-01	6.500000e-01	4.908310e+00
6.600000000000000e-01	6.600000e-01	4.905320e+00
6.700000000000000e-01	6.700000e-01	4.902277e+00
6.800000000000000e-01	6.800000e-01	4.899179e+00
6.900000000000001e-01	6.900000e-01	4.896027e+00
7.000000000000001e-01	7.000000e-01	4.892820e+00
7.100000000000000e-01	7.100000e-01	4.889559e+00
7.200000000000000e-01	7.200000e-01	4.886242e+00
7.300000000000000e-01	7.300000e-01	4.882870e+00
7.400000000000000e-01	7.400000e-01	4.879441e+00
7.500000000000000e-01	7.500000e-01	4.875956e+00
7.600000000000000e-01	7.600000e-01	4.872414e+00
7.700000000000000e-01	7.700000e-01	4.868815e+00
7.800000000000000e-01	7.800000e-01	4.865159e+00
7.900000000000000e-01	7.900000e-01	4.861444e+00
8.000000000000000e-01	8.000000e-01	4.857671e+00
8.100000000000001e-01	8.100000e-01	4.853839e+00
8.200000000000001e-01	8.200000e-01	4.849948e+00
8.300000000000001e-01	8.300000e-01	4.845997e+00
8.400000000000000e-01	8.400000e-01	4.841987e+00
8.500000000000000e-01	8.500000e-01	4.837916e+00
8.600000000000000e-01	8.600000e-01	4.833784e+00
8.700000000000000e-01	8.700000e-01	4.829590e+00
8.800000000000000e-01	8.800000e-01	4.825335e+00
8.900000000000000e-01	8.900000e-01	4.821018e+00
9.000000000000000e-01	9.000000e-01	4.816638e+00
9.100000000000000e-01	9.100000e-01	4.812194e+00
9.200000000000000e-01	9.200000e-01	4.807687e+00
9.300000000000000e-01	9.300000e-01	4.803115e+00
9.400000000000001e-01	9.400000e-01	4.798479e+00
9.500000000000001e-01	9.500000e-01	4.793777e+00
9.600000000000000e-01	9.600000e-01	4.789011e+00
9.700000000000000e-01	9.700000e-01	4.784177e+00
9.800000000000000e-01	9.800000e-01	4.779276e+00
9.900000000000000e-01	9.900000e-01	4.774309e+00
1.000000000000000e+00	1.000000e+00	4.769273e+00
1.010000000000000e+00	1.010000e+00	4.764168e+00
1.020000000000000e+00	1.020000e+00	4.758995e+00
1.030000000000000e+00	1.030000e+00	4.753752e+00
1.040000000000000e+00	1.040000e+00	4.748438e+00
1.050000000000000e+00	1.050000e+00	4.743053e+00
1.060000000000000e+00	1.060000e+00	4.737597e+00
1.070000000000000e+00	1.070000e+00	4.732069e+00
1.080000000000000e+00	1.080000e+00	4.726468e+00
1.090000000000000e+00	1.090000e+00	4.720793e+00
1.100000000000000e+00	1.100000e+00	4.715044e+00
1.110000000000000e+00	1.110000e+00	4.709220e+00
1.120000000000000e+00	1.120000e+00	4.703321e+00
1.130000000000000e+00	1.130000e+00	4.697345e+00
1.140000000000000e+00	1.140000e+00	4.691292e+00
1.150000000000000e+00	1.150000e+00	4.685161e+00
1.160000000000000e+00	1.160000e+00	4.678952e+00
1.170000000000000e+00	1.170000e+00	4.672663e+00
1.180000000000000e+00	1.180000e+00	4.666294e+00
1.190000000000000e+00	1.190000e+00	4.659844e+00
1.200000000000000e+00	1.200000e+00	4.653313e+00
1.210000000000000e+00	1.210000e+00	4.646698e+00
1.220000000000000e+00	1.220000e+00	4.640000e+00
1.230000000000000e+00	1.230000e+00	4.633218e+00
1.240000000000000e+00	1.240000e+00	4.626351e+00
1.250000000000000e+00	1.250000e+00	4.619397e+00
1.260000000000000e+00	1.260000e+00	4.612356e+00
1.270000000000000e+00	1.270000e+00	4.605227e+00
1.280000000000000e+00	1.280000e+00	4.598010e+00
1.290000000000000e+00	1.290000e+00	4.590702e+00
1.300000000000000e+00	1.300000e+00	4.583302e+00
1.310000000000000e+00	1.310000e+00	4.575811e+00
1.320000000000000e+00	1.320000e+00	4.568226e+00
1.330000000000000e+00	1.330000e+00	4.560548e+00
1.340000000000000e+00	1.340000e+00	4.552773e+00
1.350000000000000e+00	1.350000e+00	4.544903e+00
1.360000000000000e+00	1.360000e+00	4.536934e+00
1.370000000000000e+00	1.370000e+00	4.528867e+00
1.380000000000000e+00	1.380000e+00	4.520700e+00
1.390000000000000e+00	1.390000e+00	4.512430e+00
1.400000000000000e+00	1.400000e+00	4.504059e+00
1.410000000000000e+00	1.410000e+00	4.495583e+00
1.420000000000000e+00	1.420000e+00	4.487002e+00
1.430000000000000e+00	1.430000e+00	4.478314e+00
1.440000000000000e+00	1.440000e+00	4.469519e+00
1.450000000000000e+00	1.450000e+00	4.460613e+00
1.460000000000000e+00	1.460000e+00	4.451597e+00
1.470000000000000e+00	1.470000e+00	4.442468e+00
1.480000000000000e+00	1.480000e+00	4.433224e+00
1.490000000000000e+00	1.490000e+00	4.423865e+00
1.500000000000000e+00	1.500000e+00	4.414389e+00
1.510000000000000e+00	1.510000e+00	4.404793e+00
1.520000000000000e+00	1.520000e+00	4.395077e+00
1.530000000000000e+00	1.530000e+00	4.385238e+00
1.540000000000000e+00	1.540000e+00	4.375275e+00
1.550000000000000e+00	1.550000e+00	4.365185e+00
1.560000000000000e+00	1.560000e+00	4.354967e+00
1.570000000000000e+00	1.570000e+00	4.344618e+00
1.580000000000000e+00	1.580000e+00	4.334138e+00
1.590000000000000e+00	1.590000e+00	4.323523e+00
1.600000000000000e+00	1.600000e+00	4.312771e+00
1.610000000000000e+00	1.610000e+00	4.301881e+00
1.620000000000000e+00	1.620000e+00	4.290850e+00
1.630000000000000e+00	1.630000e+00	4.279675e+00
1.640000000000000e+00	1.640000e+00	4.268354e+00
1.650000000000000e+00	1.650000e+00	4.256885e+00
1.660000000000000e+00	1.660000e+00	4.245265e+00
1.670000000000000e+00	1.670000e+00	4.233490e+00
1.680000000000000e+00	1.680000e+00	4.221560e+00
1.690000000000000e+00	1.690000e+00	4.209471e+00
1.700000000000000e+00	1.700000e+00	4.197219e+00
1.710000000000000e+00	1.710000e+00	4.184802e+00
1.720000000000000e+00	1.720000e+00	4.172217e+00
1.730000000000000e+00	1.730000e+00	4.159460e+00
1.740000000000000e+00	1.740000e+00	4.146528e+00
1.750000000000000e+00	1.750000e+00	4.133418e+00
1.760000000000000e+00	1.760000e+00	4.120125e+00
1.770000000000000e+00	1.770000e+00	4.106647e+00
1.780000000000000e+00	1.780000e+00	4.092979e+00
1.790000000000000e+00	1.790000e+00	4.079118e+00
1.800000000000000e+00	1.800000e+00	4.065059e+00
1.810000000000000e+00	1.810000e+00	4.050797e+00
1.820000000000000e+00	1.820000e+00	4.036329e+00
1.830000000000000e+00	1.830000e+00	4.021650e+00
1.840000000000000e+00	1.840000e+00	4.006755e+00
1.850000000000000e+00	1.850000e+00	3.991639e+00
1.860000000000000e+00	1.860000e+00	3.976297e+00
1.870000000000000e+00	1.870000e+00	3.960722e+00
1.880000000000000e+00	1.880000e+00	3.944911e+00
1.890000000000000e+00	1.890000e+00	3.928856e+00
1.900000000000000e+00	1.900000e+00	3.912551e+00
1.910000000000000e+00	1.910000e+00	3.895991e+00
1.920000000000000e+00	1.920000e+00	3.879168e+00
1.930000000000000e+00	1.930000e+00	3.862075e+00
1.940000000000000e+00	1.940000e+00	3.844704e+00
1.950000000000000e+00	1.950000e+00	3.827049e+00
1.960000000000000e+00	1.960000e+00	3.809101e+00
1.970000000000000e+00	1.970000e+00	3.790852e+00
1.980000000000000e+00	1.980000e+00	3.772292e+00
1.990000000000000e+00	1.990000e+00	3.753412e+00
2.000000000000000e+00	2.000000e+00	3.734203e+00
2.010000000000000e+00	2.010000e+00	3.714653e+00
2.020000000000000e+00	2.020000e+00	3.694752e+00
2.030000000000000e+00	2.030000e+00	3.674489e+00
2.040000000000000e+00	2.040000e+00	3.653850e+00
2.050000000000000e+00	2.050000e+00	3.632824e+00
2.060000000000000e+00	2.060000e+00	3.611396e+00
2.070000000000000e+00	2.070000e+00	3.589552e+00
2.080000000000000e+00	2.080000e+00	3.567276e+00
2.090000000000000e+00	2.090000e+00	3.544552e+00
2.100000000000000e+00	2.100000e+00	3.521363e+00
2.110000000000000e+00	2.110000e+00	3.497689e+00
2.120000000000000e+00	2.120000e+00	3.473511e+00
2.130000000000000e+00	2.130000e+00	3.448807e+00
2.140000000000000e+00	2.140000e+00	3.423555e+00
2.150000000000000e+00	2.150000e+00	3.397729e+00
2.160000000000000e+00	2.160000e+00	3.371303e+00
2.170000000000000e+00	2.170000e+00	3.344249e+00
2.180000000000000e+00	2.180000e+00	3.316535e+00
2.190000000000000e+00	2.190000e+00	3.288128e+00
2.200000000000000e+00	2.200000e+00	3.258991e+00
2.210000000000000e+00	2.210000e+00	3.229084e+00
2.220000000000000e+00	2.220000e+00	3.198365e+00
2.230000000000000e+00	2.230000e+00	3.166785e+00
2.240000000000000e+00	2.240000e+00	3.134291e+00
2.250000000000000e+00	2.250000e+00	3.100826e+00
2.260000000000000e+00	2.260000e+00	3.066326e+00
2.270000000000000e+00	2.270000e+00	3.030718e+00
2.280000000000000e+00	2.280000e+00	2.993923e+00
2.290000000000000e+00	2.290000e+00	2.955850e+00
2.300000000000000e+00	2.300000e+00	2.916399e+00
2.310000000000000e+00	2.310000e+00	2.875453e+00
2.320000000000000e+00	2.320000e+00	2.832881e+00
2.330000000000000e+00	2.330000e+00	2.788530e+00
2.340000000000000e+00	2.340000e+00	2.742223e+00
2.350000000000000e+00	2.350000e+00	2.693753e+00
2.360000000000000e+00	2.360000e+00	2.642875e+00
2.370000000000000e+00	2.370000e+00	2.589294e+00
2.380000000000000e+00	2.380000e+00	2.532653e+00
2.390000000000000e+00	2.390000e+00	2.472514e+00
2.400000000000000e+00	2.400000e+00	2.408324e+00
2.410000000000000e+00	2.410000e+00	2.343637e+00
2.420000000000000e+00	2.420000e+00	2.283838e+00
2.430000000000000e+00	2.430000e+00	2.228090e+00
2.440000000000000e+00	2.440000e+00	2.175703e+00
2.450000000000000e+00	2.450000e+00	2.126168e+00
2.460000000000000e+00	2.460000e+00	2.079090e+00
2.470000000000000e+00	2.470000e+00	2.034153e+00
2.480000000000000e+00	2.480000e+00	1.991099e+00
2.490000000000000e+00	2.490000e+00	1.949717e+00
2.500000000000000e+00	2.500000e+00	1.909829e+00
2.510000000000000e+00	2.510000e+00	1.871284e+00
2.520000000000000e+00	2.520000e+00	1.833952e+00
2.530000000000000e+00	2.530000e+00	1.797722e+00
2.540000000000000e+00	2.540000e+00	1.762493e+00
2.550000000000000e+00	2.550000e+00	1.728181e+00
2.560000000000000e+00	2.560000e+00	1.694707e+00
2.570000000000000e+00	2.570000e+00	1.662002e+00
2.580000000000000e+00	2.580000e+00	1.630005e+00
2.590000000000000e+00	2.590000e+00	1.598657e+00
2.600000000000000e+00	2.600000e+00	1.567909e+00
2.610000000000000e+00	2.610000e+00	1.537711e+00
2.620000000000000e+00	2.620000e+00	1.508019e+00
2.630000000000000e+00	2.630000e+00	1.478793e+00
2.640000000000000e+00	2.640000e+00	1.449994e+00
2.650000000000000e+00	2.650000e+00	1.421585e+00
2.660000000000000e+00	2.660000e+00	1.393532e+00
2.670000000000000e+00	2.670000e+00	1.365800e+00
2.680000000000000e+00	2.680000e+00	1.338359e+00
2.690000000000000e+00	2.690000e+00	1.311595e+00
2.700000000000000e+00	2.700000e+00	1.285786e+00
2.710000000000000e+00	2.710000e+00	1.260862e+00
2.720000000000000e+00	2.720000e+00	1.236760e+00
2.730000000000000e+00	2.730000e+00	1.213425e+00
2.740000000000000e+00	2.740000e+00	1.190807e+00
2.750000000000000e+00	2.750000e+00	1.168861e+00
2.760000000000000e+00	2.760000e+00	1.147549e+00
2.770000000000000e+00	2.770000e+00	1.126832e+00
2.780000000000000e+00	2.780000e+00	1.106680e+00
2.790000000000000e+00	2.790000e+00	1.087062e+00
2.800000000000000e+00	2.800000e+00	1.067949e+00
2.810000000000000e+00	2.810000e+00	1.049318e+00
2.820000000000000e+00	2.820000e+00	1.031146e+00
2.830000000000000e+00	2.830000e+00	1.013410e+00
2.840000000000000e+00	2.840000e+00	9.960912e-01
2.850000000000000e+00	2.850000e+00	9.791715e-01
2.860000000000000e+00	2.860000e+00	9.626336e-01
2.870000000000000e+00	2.870000e+00	9.464618e-01
2.880000000000000e+00	2.880000e+00	9.306413e-01
2.890000000000000e+00	2.890000e+00	9.151585e-01
2.900000000000000e+00	2.900000e+00	9.000002e-01
2.910000000000000e+00	2.910000e+00	8.851545e-01
2.920000000000000e+00	2.920000e+00	8.706101e-01
2.930000000000000e+00	2.930000e+00	8.563561e-01
2.940000000000000e+00	2.940000e+00	8.423825e-01
2.950000000000000e+00	2.950000e+00	8.286799e-01
2.960000000000000e+00	2.960000e+00	8.152391e-01
2.970000000000000e+00	2.970000e+00	8.020518e-01
2.980000000000000e+00	2.980000e+00	7.891099e-01
2.990000000000000e+00	2.990000e+00	7.764059e-01
3.000000000000000e+00	3.000000e+00	7.639322e-01
3.010000000000000e+00	3.010000e+00	7.516822e-01
3.020000000000000e+00	3.020000e+00	7.396494e-01
3.030000000000000e+00	3.030000e+00	7.278273e-01
3.040000000000000e+00	3.040000e+00	7.162102e-01
3.050000000000000e+00	3.050000e+00	7.047923e-01
3.060000000000000e+00	3.060000e+00	6.935683e-01
3.070000000000000e+00	3.070000e+00	6.825329e-01
3.080000000000000e+00	3.080000e+00	6.716813e-01
3.090000000000000e+00	3.090000e+00	6.610087e-01
3.100000000000000e+00	3.100000e+00	6.505105e-01
3.110000000000000e+00	3.110000e+00	6.401824e-01
3.120000000000000e+00	3.120000e+00	6.300203e-01
3.130000000000000e+00	3.130000e+00	6.200202e-01
3.140000000000000e+00	3.140000e+00	6.101781e-01
3.150000000000000e+00	3.150000e+00	6.004905e-01
3.160000000000000e+00	3.160000e+00	5.909537e-01
3.170000000000000e+00	3.170000e+00	5.815644e-01
3.180000000000000e+00	3.180000e+00	5.723193e-01
3.190000000000000e+00	3.190000e+00	5.632151e-01
3.200000000000000e+00	3.200000e+00	5.542489e-01
3.210000000000000e+00	3.210000e+00	5.454177e-01
3.220000000000000e+00	3.220000e+00	5.367187e-01
3.230000000000000e+00	3.230000e+00	5.281490e-01
3.240000000000000e+00	3.240000e+00	5.197061e-01
3.250000000000000e+00	3.250000e+00	5.113874e-01
3.260000000000000e+00	3.260000e+00	5.031905e-01
3.270000000000000e+00	3.270000e+00	4.951128e-01
3.280000000000000e+00	3.280000e+00	4.871522e-01
3.290000000000000e+00	3.290000e+00	4.793063e-01
3.300000000000000e+00	3.300000e+00	4.715731e-01
3.310000000000000e+00	3.310000e+00	4.639503e-01
3.320000000000000e+00	3.320000e+00	4.564360e-01
3.330000000000000e+00	3.330000e+00	4.490282e-01
3.340000000000000e+00	3.340000e+00	4.417249e-01
3.350000000000000e+00	3.350000e+00	4.345243e-01
3.360000000000000e+00	3.360000e+00	4.274246e-01
3.370000000000000e+00	3.370000e+00	4.204240e-01
3.380000000000000e+00	3.380000e+00	4.135208e-01
3.390000000000000e+00	3.390000e+00	4.067134e-01
3.400000000000000e+00	3.400000e+00	4.000002e-01
3.410000000000000e+00	3.410000e+00	3.933796e-01
3.420000000000000e+00	3.420000e+00	3.868500e-01
3.430000000000000e+00	3.430000e+00	3.804101e-01
3.440000000000000e+00	3.440000e+00	3.740583e-01
3.450000000000000e+00	3.450000e+00	3.677932e-01
3.460000000000000e+00	3.460000e+00	3.616135e-01
3.470000000000000e+00	3.470000e+00	3.555179e-01
3.480000000000000e+00	3.480000e+00	3.495050e-01
3.490000000000000e+00	3.490000e+00	3.435737e-01
3.500000000000000e+00	3.500000e+00	3.377226e-01
3.510000000000000e+00	3.510000e+00	3.319505e-01
3.520000000000000e+00	3.520000e+00	3.262563e-01
3.530000000000000e+00	3.530000e+00	3.206389e-01
3.540000000000000e+00	3.540000e+00	3.150971e-01
3.550000000000000e+00	3.550000e+00	3.096299e-01
3.560000000000000e+00	3.560000e+00	3.042361e-01
3.570000000000000e+00	3.570000e+00	2.989148e-01
3.580000000000000e+00	3.580000e+00	2.936649e-01
3.590000000000000e+00	3.590000e+00	2.884854e-01
3.600000000000000e+00	3.600000e+00	2.833754e-01
3.610000000000000e+00	3.610000e+00	2.783340e-01
3.620000000000000e+00	3.620000e+00	2.733601e-01
3.630000000000000e+00	3.630000e+00	2.684529e-01
3.640000000000000e+00	3.640000e+00	2.636116e-01
3.650000000000000e+00	3.650000e+00	2.588352e-01
3.660000000000000e+00	3.660000e+00	2.541229e-01
3.670000000000000e+00	3.670000e+00	2.494739e-01
3.680000000000000e+00	3.680000e+00	2.448874e-01
3.690000000000000e+00	3.690000e+00	2.403626e-01
3.700000000000000e+00	3.700000e+00	2.358986e-01
3.710000000000000e+00	3.710000e+00	2.314948e-01
3.720000000000000e+00	3.720000e+00	2.271504e-01
3.730000000000000e+00	3.730000e+00	2.228646e-01
3.740000000000000e+00	3.740000e+00	2.186368e-01
3.750000000000000e+00	3.750000e+00	2.144663e-01
3.760000000000000e+00	3.760000e+00	2.103523e-01
3.770000000000000e+00	3.770000e+00	2.062943e-01
3.780000000000000e+00	3.780000e+00	2.022914e-01
3.790000000000000e+00	3.790000e+00	1.983432e-01
3.800000000000000e+00	3.800000e+00	1.944489e-01
3.810000000000000e+00	3.810000e+00	1.906080e-01
3.820000000000000e+00	3.820000e+00	1.868198e-01
3.830000000000000e+00	3.830000e+00	1.830837e-01
3.840000000000000e+00	3.840000e+00	1.793992e-01
3.850000000000000e+00	3.850000e+00	1.757656e-01
3.860000000000000e+00	3.860000e+00	1.721824e-01
3.870000000000000e+00	3.870000e+00	1.686491e-01
3.880000000000000e+00	3.880000e+00	1.651651e-01
3.890000000000000e+00	3.890000e+00	1.617298e-01
3.900000000000000e+00	3.900000e+00	1.583428e-01
3.910000000000000e+00	3.910000e+00	1.550035e-01
3.920000000000000e+00	3.920000e+00	1.517115e-01
3.930000000000000e+00	3.930000e+00	1.484661e-01
3.940000000000000e+00	3.940000e+00	1.452670e-01
3.950000000000000e+00	3.950000e+00	1.421137e-01
3.960000000000000e+00	3.960000e+00	1.390056e-01
3.970000000000000e+00	3.970000e+00	1.359423e-01
3.980000000000000e+00	3.980000e+00	1.329234e-01
3.990000000000000e+00	3.990000e+00	1.299484e-01
4.000000000000000e+00	4.000000e+00	1.270169e-01
4.010000000000000e+00	4.010000e+00	1.241284e-01
4.020000000000000e+00	4.020000e+00	1.212825e-01
4.030000000000000e+00	4.030000e+00	1.184788e-01
4.040000000000000e+00	4.040000e+00	1.157168e-01
4.050000000000000e+00	4.050000e+00	1.129963e-01
4.060000000000000e+00	4.060000e+00	1.103167e-01
4.070000000000000e+00	4.070000e+00	1.076777e-01
4.080000000000000e+00	4.080000e+00	1.050788e-01
4.090000000000000e+00	4.090000e+00	1.025198e-01
4.100000000000000e+00	4.100000e+00	1.000002e-01
4.110000000000000e+00	4.110000e+00	9.751968e-02
4.120000000000000e+00	4.120000e+00	9.507785e-02
4.130000000000000e+00	4.130000e+00	9.267436e-02
4.140000000000000e+00	4.140000e+00	9.030886e-02
4.150000000000000e+00	4.150000e+00	8.798101e-02
4.160000000000000e+00	4.160000e+00	8.569045e-02
4.170000000000000e+00	4.170000e+00	8.343686e-02
4.180000000000000e+00	4.180000e+00	8.121990e-02
4.190000000000000e+00	4.190000e+00	7.903925e-02
4.200000000000000e+00	4.200000e+00	7.689458e-02
4.210000000000000e+00	4.210000e+00	7.478558e-02
4.220000000000000e+00	4.220000e+00	7.271194e-02
4.230000000000000e+00	4.230000e+00	7.067334e-02
4.240000000000000e+00	4.240000e+00	6.866948e-02
4.250000000000000e+00	4.250000e+00	6.670008e-02
4.260000000000000e+00	4.260000e+00	6.476481e-02
4.270000000000000e+00	4.270000e+00	6.286342e-02
4.280000000000000e+00	4.280000e+00	6.099559e-02
4.290000000000000e+00	4.290000e+00	5.916105e-02
4.300000000000000e+00	4.300000e+00	5.735952e-02
4.310000000000000e+00	4.310000e+00	5.559073e-02
4.320000000000000e+00	4.320000e+00	5.385441e-02
4.330000000000000e+00	4.330000e+00	5.215028e-02
4.340000000000000e+00	4.340000e+00	5.047809e-02
4.350000000000001e+00	4.350000e+00	4.883757e-02
4.360000000000000e+00	4.360000e+00	4.722848e-02
4.370000000000000e+00	4.370000e+00	4.565055e-02
4.380000000000000e+00	4.380000e+00	4.410353e-02
4.390000000000000e+00	4.390000e+00	4.258718e-02
4.400000000000000e+00	4.400000e+00	4.110126e-02
4.410000000000000e+00	4.410000e+00	3.964553e-02
4.420000000000000e+00	4.420000e+00	3.821975e-02
4.430000000000000e+00	4.430000e+00	3.682368e-02
4.440000000000000e+00	4.440000e+00	3.545710e-02
4.450000000000000e+00	4.450000e+00	3.411977e-02
4.460000000000000e+00	4.460000e+00	3.281148e-02
4.470000000000000e+00	4.470000e+00	3.153200e-02
4.480000000000000e+00	4.480000e+00	3.028111e-02
4.490000000000000e+00	4.490000e+00	2.905860e-02
4.500000000000000e+00	4.500000e+00	2.786425e-02
4.510000000000000e+00	4.510000e+00	2.669785e-02
4.520000000000000e+00	4.520000e+00	2.555919e-02
4.530000000000000e+00	4.530000e+00	2.444807e-02
4.540000000000000e+00	4.540000e+00	2.336429e-02
4.550000000000000e+00	4.550000e+00	2.230764e-02
4.560000000000000e+00	4.560000e+00	2.127792e-02
4.570000000000000e+00	4.570000e+00	2.027494e-02
4.580000000000000e+00	4.580000e+00	1.929851e-02
4.590000000000000e+00	4.590000e+00	1.834842e-02
4.600000000000001e+00	4.600000e+00	1.742451e-02
4.610000000000000e+00	4.610000e+00	1.652657e-02
4.620000000000000e+00	4.620000e+00	1.565443e-02
4.630000000000000e+00	4.630000e+00	1.480790e-02
4.640000000000000e+00	4.640000e+00	1.398680e-02
4.650000000000000e+00	4.650000e+00	1.319096e-02
4.660000000000000e+00	4.660000e+00	1.242019e-02
4.670000000000000e+00	4.670000e+00	1.167432e-02
4.680000000000000e+00	4.680000e+00	1.095319e-02
4.690000000000000e+00	4.690000e+00	1.025662e-02
4.700000000000000e+00	4.700000e+00	9.584444e-03
4.710000000000000e+00	4.710000e+00	8.936494e-03
4.720000000000000e+00	4.720000e+00	8.312607e-03
4.730000000000000e+00	4.730000e+00	7.712622e-03
4.740000000000000e+00	4.740000e+00	7.136377e-03
4.750000000000000e+00	4.750000e+00	6.583713e-03
4.760000000000000e+00	4.760000e+00	6.054473e-03
4.770000000000000e+00	4.770000e+00	5.548503e-03
4.780000000000000e+00	4.780000e+00	5.065648e-03
4.790000000000000e+00	4.790000e+00	4.605757e-03
4.800000000000000e+00	4.800000e+00	4.168679e-03
4.810000000000000e+00	4.810000e+00	3.754266e-03
4.820000000000000e+00	4.820000e+00	3.362371e-03
4.830000000000000e+00	4.830000e+00	2.992847e-03
4.840000000000000e+00	4.840000e+00	2.645553e-03
4.850000000000001e+00	4.850000e+00	2.320344e-03
4.860000000000000e+00	4.860000e+00	2.017081e-03
4.870000000000000e+00	4.870000e+00	1.735624e-03
4.880000000000000e+00	4.880000e+00	1.475834e-03
4.890000000000000e+00	4.890000e+00	1.237577e-03
4.900000000000000e+00	4.900000e+00	1.020716e-03
4.910000000000000e+00	4.910000e+00	8.251177e-04
4.920000000000000e+00	4.920000e+00	6.506506e-04
4.930000000000000e+00	4.930000e+00	4.971834e-04
4.940000000000000e+00	4.940000e+00	3.645868e-04
4.950000000000000e+00	4.950000e+00	2.527325e-04
4.960000000000000e+00	4.960000e+00	1.614936e-04
4.970000000000000e+00	4.970000e+00	9.074464e-05
4.980000000000000e+00	4.980000e+00	4.036126e-05
4.990000000000000e+00	4.990000e+00	1.022038e-05
5.000000000000000e+00	5.000000e+00	2.002632e-07
